"","1633748","223811","1948107","1962655","586116","964155","1942922","929647","1338378","633346","1650389","1641245","1663289","618849","1054084","811237","955492","948898","8383","737498","1041019","1985204","948601","1331037","1669601","893041","847832","1102195","592977","1471895","1958442","948001","964235","1650226","8201","1546130","1221713","943424","706726","809906","611375","1547003","1946494","1545927","618853","2008368","943904","1633630","1114910","1023683","793205","1221771","1054467","715945","1054036","612046","1102397","358485","810877","1126","715737","1099406","1220694","943893","809838","1054436","817395","586036","706714","1220878","955414","1555181","1739024","1652570","1220941","1947988","807274","1475279","594559","965207","942980","715586","799526","1641403","1615370","1771782","1948338","1035359","780697","1061254","1938269","827636","1629198","605145","1053575","1947803","706990","1061169","282785","825849"
"6013",49.600776101253,26.6861555532122,47.5251582195622,26.4038752730675,48.8310039034293,63.5660430054797,66.582985397665,89.1210628954602,50.4936194770156,100,53.538065370027,39.1055197462014,100,36.9073894275544,54.4854775751934,3.18063618807122,59.2252058381415,46.0320516614326,39.8366470713266,81.7362704455713,24.8029585460567,32.3477267620375,44.1447085506467,51.7837827570479,56.8215857514521,68.4731373410402,89.5957799136861,100,-5.37172182928918,33.3746223408672,42.8782075703643,45.514912375541,100,55.9874224673027,54.2927981285159,48.642920681642,40.3744960622397,44.0653769286476,41.2681251957867,98.5675454574889,40.7659530689855,34.3977281248661,15.4496944950677,55.7391070556643,29.9663608442501,76.206906363646,41.9688674501129,47.4399290825094,68.7989644494591,66.5569048613001,48.3465299676923,38.4400404528721,32.4149207373596,21.5926964808286,51.3498568215346,64.3863626973696,51.8402041815605,35.5062700009021,23.9227762044161,40.1792105601942,29.496868693021,100,40.8990333643592,43.5442966367985,38.7128961059101,29.4767992249188,100,43.3667867062302,43.4496094114821,44.6640204582897,100,100,83.6211997443968,17.3474735750596,45.2625260720447,31.2341745171355,26.9588878224874,78.5601841253126,100,37.7472231392117,49.3216868634197,25.2205303638289,85.5316334403597,33.4229711101691,14.3669001599526,73.4905840081598,48.8179209636685,92.7075208427536,17.4221903715745,16.3036000676987,95.3108489269664,56.7016396056046,51.5444446907766,79.4603528169935,42.3047771647635,45.2166160272797,39.5056966003451,22.5147917627821,84.4939431129342,32.4881091049158
"6014",49.9419991418117,27.5823376146179,48.3103267807506,31.8839190343475,48.0709566232901,64.4984874047277,66.4451197636745,88.694438635525,51.0266496485277,100,59.454892112784,46.6048469382939,100,37.2026586900945,37.7416482758882,4.1631681620298,62.8110912794855,56.9019240819413,49.4164060798573,33.8873175319883,22.8523489271276,35.7405908258642,41.9695556788224,54.8262574207881,57.9422755613275,68.7317044207803,89.481127847326,100,-5.71012325911297,33.9639107874146,38.054424259851,46.7019063343043,100,57.1382008629338,61.1123546885051,43.9605872039467,43.6085634145109,43.4048475495147,41.3474663988291,93.6674593390545,39.7845013799213,33.1560977287053,15.8581325402287,54.8687415503043,29.6796967458354,73.8646369076634,39.7395346559352,48.2976137083307,68.8179752639965,71.4616988924111,45.2572546133796,37.9221901790581,32.7163831243926,26.0649743381115,55.7943198050043,56.6838489748616,52.3184439269954,44.7729861972202,29.7215367006328,51.8416901100311,28.0246095481555,100,43.1502175857037,43.2342444435524,46.0836641433662,27.5437513837208,100,51.8339687728283,48.2919678244761,46.4904126851088,100,100,83.7108698079215,18.9691404670526,45.661601513096,34.4909114902889,17.5996792857295,82.4310124818295,100,37.9808017827354,52.3783145920256,23.0848582827463,82.1980939424155,41.2073728006028,14.2757031244611,75.0576247715861,49.3887494855459,92.3867350156169,17.414039137019,16.4548039047,95.5832625321113,59.1540651550427,49.7019086629422,79.9889830541064,41.7123743444355,49.94407590431,55.4978723176338,22.6487046773873,83.5167989166859,30.968085154187
"6015",53.9737328915788,33.8660495226054,62.9185798998299,27.5415394763699,54.6706805931858,64.9290047666699,66.5408048458429,89.8930582118215,47.3197938762825,100,58.832184535092,38.8832637086939,100,36.6559595308085,37.8640589118819,2.28992046629882,59.8732264029373,45.7166823356013,39.7852471282388,33.6987094398846,23.2456110529254,35.7463288584291,51.9288915573341,51.8380457748336,53.4576753866033,68.6440056817623,89.5789684128111,100,-2.48868515920821,37.9263541820459,24.201947275899,55.3382894258153,100,57.5260752797509,56.121145726049,47.6874602279602,39.1788365583039,43.4011943720261,39.7398460813016,81.7646115591703,44.4633182798874,45.2471193180784,16.0654881114412,59.7857287626691,30.5605917914931,75.1040870729369,40.2798263306635,43.0272389705764,68.9434947069586,71.9037634509766,49.3254062378223,49.5503727815162,32.2945912465827,22.9696394337306,49.820524662117,60.4880176867069,52.839157996891,37.6933728776402,23.6878347949582,40.2516164014058,27.8359066621036,100,41.5736216251651,43.6011160870411,39.434585594738,27.6093987107736,100,41.4642920123599,60.4802890789479,51.0028579520029,100,100,83.6878912590701,18.5063476727231,55.1588989376186,34.2560221103389,16.5546815422434,79.2452555439553,100,37.5359764783667,54.1616088073426,22.6567238340306,84.4244971435176,34.0073766484237,13.6221583828948,73.7252814503347,61.5108570348448,92.6319050177561,17.8819549354843,16.4859039234795,95.0685329465082,90.9487804123891,50.9529112623315,86.9762781058707,42.67589541665,51.6498045664284,42.7360205171168,22.6397456947899,82.9719126036082,31.8122492562184
"6016",54.4139349977012,28.4994239415575,47.5516146960935,27.3530631122921,48.3406246672639,65.0243231924737,66.5486926889974,88.1233790194041,49.3911053128305,100,53.9540222160481,58.6613806090872,100,35.5078659506212,39.4390540972736,1.74300278345373,59.2412914212211,47.2533219565182,38.4266796884665,41.36423787177,23.094048652736,34.3142433449766,59.0067002418576,100,57.4896368686586,68.7396976121082,89.6365722343084,100,-7.95538903713901,40.956507034824,24.2229582635081,47.382213199074,100,55.9893839927782,53.9349395380039,39.2948297716826,39.8514700105171,45.3557356467202,48.7371157419803,94.3535606335013,44.5902057950693,33.650270078443,15.9467319870619,54.6886611294758,29.1821898402777,88.5499956624769,41.6985337548304,43.1929201910433,68.7376678116511,71.9273566649877,44.558591927556,68.9602422525181,36.6749890741744,22.1769281271876,48.8672956742225,66.5030090213155,51.4179537575966,78.9095002550267,24.4164993900654,39.1440649918892,28.948820967668,100,41.224147087926,55.4338345743243,37.2232529550347,35.2834648038632,100,50.924845974181,40.6969540426672,44.8741810243751,100,100,83.6713094839433,18.6602881245662,44.8498169542195,31.0062795812219,32.2652101307658,85.0642805339017,100,37.8257625624657,58.5338025650902,23.3809996143097,78.1712073820655,42.5955460848622,15.4920952663769,73.1999810510284,49.3006168195274,92.6815615019853,24.2793145542142,16.2383306165617,98.3570641271644,100,50.3933923428778,80.9873359419297,41.7252548809317,47.780626907379,41.9494954841512,22.5061090617471,84.3518648997731,31.8279708572406
"6017",56.0069672040786,31.1748097372671,57.8641972726158,27.0199480214814,48.7382380903806,64.3962122557581,66.5575634486608,88.3952323397613,48.7550005244446,100,61.9092744783636,39.1359986604987,100,35.4605723494236,52.2431439814018,1.94752769369957,62.459767472109,46.8638328029898,39.7440860057719,32.5446650368131,30.6893712105915,65.6385920419353,42.9804691832196,100,54.6035566579016,65.6822166594427,89.5857544933909,99.9255852440759,-5.87878621272497,38.4330532590844,23.8679718096364,52.9890717620959,100,59.0229529004961,62.3296662191146,49.1274286120402,40.3313836184758,45.630078753044,40.343885389694,98.705846667181,43.0793251735934,41.8156682288487,16.1043007338212,61.3073066314421,31.1114033171335,73.9867235928572,39.8352516356104,43.0528564140278,68.7077351902744,72.1642952590009,47.0849997943582,75.6690115680308,42.9963609826163,21.5792885169167,47.3656403929169,59.9228651761792,50.8969772403536,38.4237404710203,27.7394220482182,39.2143472912778,27.5912957491872,100,41.2898266313748,43.5852039574423,66.177317812514,27.2311699964731,100,47.9047508865583,53.6884446898295,43.9100450706335,100,100,83.5478781407399,19.4128781015451,51.4212761409764,30.4802103779886,42.0383480611235,84.2633197309559,100,37.7899197721568,63.1483931821777,30.4424494892125,57.7780943546896,42.6934172215527,13.8154851006736,73.2520146958811,47.9859032621444,93.4322131772468,28.383114274441,16.5387838800247,98.6864986843455,89.3072639620478,49.1375189311998,87.0905921286256,51.7878949283259,51.367712264654,39.7302447049004,22.4572489056583,84.490541014011,32.6274074803315
"6018",53.9292754337137,31.682874371666,47.8082693780101,30.0432347174378,51.0259146143593,65.044271543816,66.4832686840622,90.1007813778181,48.6588563278035,100,59.4325977545288,41.0132166351116,100,45.5809900750188,39.2125757120009,1.9065314055556,63.05661453246,46.7299206308562,50.0784365791685,34.2537423373146,36.6315826273265,64.5739669687593,42.3205576429873,77.2755229794586,55.6321197630473,68.5113645626853,89.5686382501409,100,5.37247523280511,36.6752489327949,24.1380341712242,46.8486762713162,100,55.4943330818348,54.7150787926013,38.8967805560871,39.337051540974,45.3574006878374,39.7874717932798,94.9360123612393,48.925968639065,33.3486562429796,16.4126268789206,55.0608240744017,28.2920349608161,74.8267749298179,50.7842439493254,43.2588403879563,68.8260200900002,72.9748746980804,45.8168854610403,36.4730146444726,30.8455556278482,22.2569388018347,48.5348986835507,59.4112329274519,51.2195223228713,37.2995901956611,23.834310167773,48.341883217895,27.8820467780046,100,45.7292058967558,43.3372291969128,37.0667026552439,28.2839540259092,100,51.3584356572575,41.5180077830633,43.7982560489004,100,100,83.5569574242387,17.6680647108311,66.9378768248259,31.3478916951282,19.9390206447568,80.3852803416225,100,37.8228371590573,63.6045009261336,22.9231977281309,67.082628667029,31.7768835113743,21.1500376579723,73.7070167790527,56.5074208959691,92.5274283623484,25.2760663142447,16.4483878415158,97.3482999338197,98.4239362437136,61.8008748075622,87.1874383460462,41.5332356058411,45.6572505741461,41.754347112589,22.6120460355461,83.410658895146,33.6491505156111
"6019",49.2701821650149,26.6931232592187,48.7746350132111,28.3123556038305,48.7823439625303,64.8649666930703,66.4870483210001,89.2944225990241,49.6143260840821,100,56.5307922421007,38.3912233407567,100,37.4974767990671,37.1652267913054,1.7947981705493,67.4235871733811,44.5313969941779,40.0511178409287,32.6754351850732,22.5974821333477,34.7345427471663,49.6589228796149,63.0832453101475,57.5148061498842,68.5055623932152,89.5108548211968,100,5.50157337002027,35.0919981817721,25.9409424507835,45.4816311907715,100,55.9745771251113,55.9211240740744,47.4560645732992,38.7484938133087,46.0226413436894,40.4821177793946,89.5984634753866,35.8173238917498,35.1289104388824,15.9886605709447,61.8350773689715,38.0051841240737,75.0062998911988,41.1016071989245,45.4676120780543,68.8190152837235,68.7385602621537,47.2026546631907,47.5827611994074,34.6456820392589,26.2731980820796,50.6491822462194,60.7470056583289,53.7817599325329,36.0897366724777,23.3570899882936,38.9766820488797,28.8100988025257,100,40.8869543173963,43.4620876507686,36.4689012097407,28.825900736621,100,51.2696049627345,41.9532661562847,44.6468210979293,98.8694099165443,100,83.6280412450022,17.7686865313965,42.3677547850325,31.8641433421562,17.2474441259894,78.8199234668957,100,37.8759682069978,62.9771856036013,25.0878943145232,62.8637079262228,42.0215876503267,15.6845486742322,73.1477067712595,48.3094888342045,92.6447109196962,17.5196155606087,16.4690589599161,95.3274735781214,100,49.4461473904093,81.6846047857863,42.8648354561011,45.9943391532141,47.1757910678674,22.5041594844088,83.8129713335402,29.6817813515009
"6020",52.5307064167356,26.2523340338076,49.4446713241024,27.2608753222876,57.5875459921693,64.9065204853977,66.5683996712017,89.8390155460191,52.5566175564128,100,55.7162040616891,38.9112667820384,100,36.3143620900074,39.4739513273206,2.23891090980202,68.3657820641463,45.8999235547705,38.7435879716963,32.7909474399415,22.7182344153641,36.4184265390409,41.7123177992033,75.833564298078,49.8461502790011,68.4960311822017,89.5205091989531,100,-0.610136163551708,36.2745337566859,24.1935498950571,45.5188229186996,100,55.9478624613362,56.3718626444017,42.1213712859619,40.228351805074,50.0343754713815,41.7478603757604,77.4702527563241,35.970238039682,35.498856545091,15.9189879382037,53.4018952967566,29.6954231838248,84.6232870016158,39.7930195049881,44.7296784642101,68.8335500867048,71.185595786393,47.2450176452785,48.8474412113388,29.8192061417273,26.4847009272633,47.448687366543,67.2424360998845,53.534276578669,38.6387863986457,25.5406110468484,40.345904727238,31.1537846081023,100,40.9216864600512,43.1982621264878,37.8413359406839,27.3852373795451,100,52.1140378822138,40.5882870902842,44.1823147826015,100,100,83.5808044691109,17.7915808351338,42.8443718087345,31.0724555733664,16.3668036254691,81.1019969058804,100,37.8230320316642,65.3233172985732,50.8044704497747,71.4648849895174,32.305819043061,14.6540278090812,73.7067978127282,47.4283012997129,92.6880659818983,17.7289460332539,16.554796185202,95.9882878412679,100,51.0249253407377,87.3358349640907,42.8971888199241,44.817471489584,42.1347748427069,22.5089909248161,83.4126499811668,29.559658468616
"6021",50.2961316764442,26.6431028630228,48.4317597473372,26.7492119551813,47.8447076992846,64.6257047188635,66.5928169362974,88.6012394367893,52.5309701129579,100,67.3462987858483,39.0712249378743,100,36.3883311097259,37.8236109620903,1.96633143311977,68.7359807362615,45.7458003413288,38.5208297392331,33.1071660391319,22.475665812671,33.7818869468648,43.3597858562687,53.5407040413848,56.6774644652395,68.4262917199028,89.5868646428951,100,-6.07174351574667,36.5144596787949,24.1601185745531,46.9363787176663,100,55.6480845303403,54.1843860438848,50.3233530559973,40.2469058253175,44.6241748317782,40.5131238742551,95.6836330322939,35.8479050853805,35.2314034770008,16.346707360693,41.6177909034593,28.9985173553562,74.6031249701096,40.9480022983075,44.4862805894686,68.8064183965529,71.9097744600231,55.7775958307176,36.2893395743621,31.1013865263326,23.71653976039,50.9769059524752,63.9819374262445,52.8188519572124,36.1087969596997,23.5013198291003,39.2370684395933,27.6154620895847,100,41.4484826410533,43.1013093915262,37.7653435228833,28.9664301177444,100,51.909341769048,41.0111662471536,43.8449232994832,100,100,83.6486847013671,26.7056394800112,43.8085559496243,32.2151038165905,18.082235282481,86.8171812517558,100,37.8072732907644,69.7787511182795,56.1838995224863,59.4210787801499,33.9709575247292,13.3424057133309,74.0962679742508,49.001509006135,92.6066972637235,17.3844778412149,16.4420199657438,96.1643862403277,76.9342047033136,61.2013951350476,81.306664679071,48.587784909816,45.15198105017,40.3962470438347,22.4841579223141,82.2650215466698,31.1113026324647
"6022",51.7269865632486,26.7939266117665,46.7412801466325,26.6981988104579,49.6037694420965,64.8554922915109,66.5323735066152,90.0338918105396,47.8208943445906,100,53.7122269463479,39.0973753716096,100,36.8449988862627,37.8564097969177,1.43460886180681,67.0854457420843,46.1907256563805,40.0541699443441,32.8079573705434,22.7198807101749,33.4177030858518,41.0071658414409,52.2862482060048,56.7689041435313,68.4443093775122,89.4955042799406,100,-5.97331133785351,35.846803367129,24.9940106189739,47.3149764852369,100,56.8302253677618,55.9387589321286,49.2954585793131,39.3209662614366,43.8908857803601,40.4567532720047,100,42.2983534506098,37.2369141344871,17.4821339664278,54.7188224373764,30.6687398194181,74.4140106150013,41.2506088331466,43.4539915976241,68.8313593727342,70.2083385601186,51.5693426853932,37.9793720229627,29.9076156486271,22.4085018555672,47.3569220914497,67.9212661237754,53.1760695559782,38.1217645955932,23.5471843319098,39.2497382549934,28.9600893213504,100,42.1447597041938,43.5187714693957,36.9393924915401,27.7501919403828,100,52.0863266598996,57.7499758713765,44.6298109747842,100,100,83.559348970336,25.5208163100049,47.590069674655,35.0428069344676,19.2682797853526,77.068777141642,100,37.836174148831,71.8276474502532,35.2691567611145,62.1875454135347,31.6228476342858,12.7787740898204,73.5626469232362,49.5831499809632,92.4852885058328,17.9011216148055,16.4719104965917,96.5052865558168,94.6238594940842,67.8851357716228,83.5061009052212,41.6369342645897,45.4769518876401,75.8619003044073,22.5312919771913,84.1193694255509,31.0030665680162
"6023",51.798447150002,30.1288159866994,46.9425201322396,27.9112530917876,48.0333398911282,64.4730022437862,66.5453738897807,87.8746111843487,46.7453612301468,100,61.9975720924527,39.3403275033684,100,36.8936138110628,37.8112918205922,4.1525829700392,66.052150420944,45.8973998472665,38.5210193695571,36.5755286248266,23.6487433094568,32.6035884482726,42.6509109414792,52.3915430016238,58.6644748056629,68.4610429080646,89.4833119709343,100,-4.00571514701431,38.6996859760093,35.1039085300909,47.4377174216522,100,58.4118070035749,53.7776520045966,47.6329156408566,39.9351944172952,44.0376010295008,41.2728974384987,100,35.8844598896157,33.1497128988493,15.7721956221729,54.6381396647577,29.6119028298626,74.1160176551717,40.1181787233564,43.1384044173726,68.8064698777779,72.4235739078349,52.352003791125,36.8157216019741,29.7399422986074,21.8438186532172,53.555714948825,63.4741432896758,53.6735997898403,37.21716605329,24.8820092896603,40.4165288588465,28.1003450254465,100,41.2852800553682,43.500755340764,37.2641768517532,28.7564671211217,100,51.457527514215,39.1903527424966,49.4132352399901,100,100,83.5656856022818,17.3494700500322,43.5837268628068,31.8130062324852,15.8479193220991,78.9438409428097,100,37.5096949387557,69.41324447345,22.322640367384,63.1718615707171,33.5065867287828,15.1913009544777,74.2458420057653,49.7268664907392,92.387387487019,17.4608927784184,16.512310530472,99.0829700100673,95.1480637180278,49.8354075510649,81.3052703444474,43.1776472245742,45.0082012270164,75.8764373573382,22.4703245512524,82.1270972824457,29.4323310585186
"6024",53.9635272032764,26.5481487065456,49.0372519953189,27.1272932648661,48.6036559939797,64.7277396863626,66.7289005495952,88.5778273194162,49.482665134931,100,58.3624351121568,43.5834323839452,100,35.8477011650271,38.6700073340328,0.971439773163656,66.25620215177,55.8937469461651,39.9776673611357,33.6181637355223,22.1673445555774,34.3499139452318,41.1214721744544,51.8418369798854,50.0240406302332,68.6183124786541,89.5935680626193,100,-6.2422938170474,38.4393496506971,23.8035170793946,47.7474241837091,100,55.7986942169989,55.1326416202637,47.1875096859484,40.1110218880363,44.2171249920211,43.4594774597089,97.8409590370433,36.0496453818079,32.8284591755978,23.4826521428704,54.9187303442269,30.6044844982801,75.2107808470702,41.9678832092681,43.1697569888334,68.8410325565308,71.8327608657029,46.3399827116035,37.6055296162269,36.0227895800124,22.0850804471404,45.8854951904385,64.9233878031372,55.0957876617983,46.9746463875045,23.6512723369981,44.8338919840317,28.1787550573222,100,41.6816639589032,51.3371028507275,36.4648305206017,32.7322446558844,100,51.6274906928398,38.3322888387901,44.2951494421945,100,100,83.5906665785602,21.742766621396,43.4975228736134,30.2554076521315,17.2147950981726,82.0626430521071,100,37.7589179954313,71.6943060274603,22.6363576064811,70.4593958463518,31.8557792975675,15.0558110473688,73.4110223484638,47.509132200583,92.644142743037,17.0069929487075,16.5366087938924,98.5436787165775,81.4338298339706,50.3718756802187,82.2785998658926,46.6698175525171,44.8298942977712,76.3249843659536,22.5119754154069,83.9419809887253,29.6330616577688
"6025",50.9148598604293,26.7434357138061,67.8910911690699,26.7441242594412,50.2614824531481,65.0130057188628,66.6614581792541,90.0788561452536,48.6783236502723,100,59.5493272230286,39.2962283682142,100,39.1660951898978,55.0904341178794,1.75931431064002,64.2256285115334,45.727090738979,38.7182131175754,46.7607895261057,22.2127300178011,34.3361932312625,42.7440150893633,58.3605020192074,57.9979537440829,68.8333812380015,89.6117177941359,100,-4.63526019730011,36.4813565704121,23.8988527625308,62.0885418362737,100,61.5329251391573,53.865790819,26.678046555275,46.9786766353869,45.3043880093846,40.5288602186026,100,42.0947690565618,39.8147694976165,15.5614742707173,58.2885530947519,28.7402447138421,74.8654403880973,42.7971427190524,43.6064248076209,68.8227649630203,71.5630667899246,66.5731821875094,36.9126076227511,48.2081230807524,21.7475098754833,46.806291218989,65.7170055012521,52.9358862925128,37.3423826879486,28.4882427852927,38.7785824264276,28.0091187798471,100,41.1041779508949,43.2481425517056,51.2938479180277,33.8630736388642,100,49.6546331642269,38.6586060110646,43.8881007231103,92.0857271843395,100,83.5850702361505,24.6086776607159,50.8859353901804,31.5386562573729,17.167868422377,84.1325137015269,100,37.7713878164715,70.7797978332664,29.2187928128698,53.7563622433087,48.8085075482181,19.2071009526342,74.3495268983227,56.4143686308111,93.4101594263551,17.1076378859897,16.3670167509006,98.6625197894742,81.463491081849,50.0520928413159,83.8167816806509,53.0631297937974,52.7459055580686,76.0633076661445,22.6000297751415,83.1382172875859,29.6142506384051
"6026",50.2989887555618,26.7837477377468,48.6415077926615,26.6460169863334,48.7331657354336,64.8583811780229,66.703598548694,88.7297330959205,48.2783528078205,100,66.7203587862005,43.3507930438595,100,48.9047298824202,54.5896870267907,9.8856195769231,67.4989369650447,45.0565502164802,49.9863867736575,33.0608347743795,22.4438491480685,33.2466112944527,41.1954882346513,50.9995200837672,51.793088864492,68.5856184454743,89.5842538531846,100,-6.47188189424227,36.5582738129659,24.0034855799816,45.7905866665335,100,58.8195923609877,56.152819162531,50.8582475998349,39.1037923308565,43.8829594702695,40.4200149842672,100,38.1288973091547,33.7474235581123,15.3734026294268,55.1132338591292,28.7349831263815,73.999260463469,71.6237115954202,42.9992442166464,68.8168004070766,71.860984310447,46.4522366064197,36.558140400582,42.6441426491921,21.4409755106468,47.0239151771944,58.6104046894813,52.2624248852819,43.6972278972037,27.3247243102264,51.6568646252345,28.5273246432649,100,42.0761472432714,43.0348667524674,38.5605975514752,28.3943040501348,100,51.9206373193899,40.1018230372979,44.9037481623117,100,100,83.6876512464818,18.3578599076631,45.6788797071471,30.7331216287923,38.9636717524263,87.2353228715507,100,37.8339262024873,70.1461383314683,25.1766507575126,75.7723145430179,33.5763105309405,31.8490702119325,73.3919579973385,57.8013269555328,92.1099614630943,17.3145410956068,16.5016722311475,95.3525006369861,78.9282045111962,50.7602615451103,86.4265649756,47.1823131425293,44.9795390975292,75.5812464358357,22.5695017188982,83.5767227881966,29.7323723180955
"6027",50.4709593836857,27.114056238862,47.216071671606,27.2644474603257,48.452779224207,64.9661055690651,66.5763932819133,89.0681128378,47.4568641019404,100,61.1691261213432,38.0306641344678,100,37.1108448893863,37.3322720617222,1.00212355241525,65.2451916125684,51.7014519196874,40.0040851637811,39.5371777627089,22.4566462461441,34.5133209031942,65.897558748534,52.1274346434035,57.0313862857863,65.1238152865517,89.5995981355874,100,-4.76270803634986,36.6891487666905,23.901074390218,46.4918190478457,100,55.7975076719858,66.6917630695639,41.5239950089221,40.0129664472826,43.8655646040069,41.4610043669742,99.2936422255898,37.159723699771,37.8595556621982,15.9751216743641,64.241448814658,36.5340328284105,74.5315874447759,40.6046955110335,42.9355905447314,68.8234236727294,71.8187831196628,58.7997425961771,48.8416471685408,30.03085530092,23.4049797868153,53.0115880037099,62.3906646540543,51.4758383344251,36.4342958778357,23.4989961496214,39.7970280356274,29.1517260525105,100,41.4233786151521,43.1249911454107,36.8124208233957,27.5219514823246,100,44.6954253445592,38.1797002726382,46.3792786257634,94.5899151094557,100,83.6147222760346,20.004100329373,42.9051676233026,32.0747473627595,17.2112999849277,87.020925885153,100,37.8026825808482,71.5238962073964,22.7691951171976,64.3591509728204,31.9580146453111,20.1074563292149,73.2049587020227,53.4007721942901,93.5034368218727,17.5255981767944,16.6269014312115,98.0190017430996,78.8977323884414,48.6567437419052,83.1705549676556,42.7627512938593,45.7021036529299,76.2443858865191,22.4749620586792,83.9167566330936,32.6100099794062
"6028",50.0278283120413,27.6954516716449,48.4803426460714,27.1946628944751,55.3240956031783,64.2528675769258,66.9232460221396,88.8707098978429,48.6171516673948,100,53.5190232858861,39.3238173498519,100,35.1643458645473,39.6557738355917,2.55079185210067,62.7376759099518,45.097834429992,41.7744880526942,34.2223470104013,26.030597024713,37.5450780615645,42.9559122294717,66.3113528714071,53.0791135777444,69.1530537897849,89.4799330804483,100,7.39249541736574,35.9393726547297,26.024366166854,45.721814872473,100,55.6086482398938,53.9553051961676,49.1796494272378,39.3375082019985,53.612206171611,39.9119093641576,98.8395177433082,36.1168483182936,33.9262119130014,14.8296929335374,55.7399318860005,30.4054767077519,74.3608619046355,39.7367032478021,42.7072582096519,68.8127057055321,66.530020885654,42.1452537731051,36.9669843801654,29.9570632993067,21.938366637649,51.7886230927573,66.0103943604498,53.2214747621968,37.8947102089855,29.0451498898873,40.3164771248929,33.963265899981,100,41.0025507337395,49.3602056127452,37.1915267867724,29.5823553425135,100,49.8014298294663,37.8345531745988,44.8730967952819,100,100,83.5753963866658,18.147663938777,43.6878416247016,30.0791301679706,16.830746707993,85.3017787081247,100,37.7844350962767,61.9387087806804,22.514397904202,62.1551733269679,34.2390027849712,15.2956878003751,74.9546182744958,53.7806630555351,92.6732123098283,17.4924698118071,16.6476023877211,98.3393995334167,93.4751477814105,48.4893130033581,81.2494860146935,45.8203192665119,44.6852216218162,41.4260198158038,22.5017560825546,83.916748583307,30.4112375240681
"6029",53.6170551656131,26.6722969558747,48.7367000209984,26.8399467822694,50.4582923926282,64.8646918867083,66.5123952734155,89.0606610534474,47.2394234795896,100,58.8213449235761,39.3936541535572,100,37.4733944095249,37.2158851947292,12.4841645813498,64.5435877110673,45.8723653997728,39.7185582527154,32.6645505291193,31.4567499496652,35.5061014439844,41.2639617316404,52.4488683505579,55.5353656645881,67.5574854082718,89.5391842844197,100,-5.10825340727242,37.4105210535307,23.871687717643,47.2655775760273,100,55.7267150842962,56.1159766515149,39.7999282176498,56.7136703022498,43.6438732263642,40.6652323138086,98.9078645160945,39.8629539451515,34.3002368734984,14.2540271880742,44.4804005213311,28.8662774673231,75.6810336853891,39.7998235856484,44.53240349047,68.8208873275302,72.4091811865968,78.9129688718683,36.2569388764561,31.4826136156315,21.54471868542,48.865104166995,52.8363908720366,53.036355204075,37.7404713375258,23.55714911681,39.2478150663853,27.9662676857027,100,41.0038598580935,43.4179144545302,38.3186675068834,26.9197519803591,100,51.6525680057861,40.1970436491618,44.9621943479069,100,100,83.63240290274,18.1392937396358,43.2214709630038,32.0150306784965,16.4078250383462,78.8746043435542,100,37.8711820230972,56.1808187297448,24.9275035502961,68.1882543558044,33.4981478540497,15.8066051474788,74.8630683087478,55.6254222376186,92.781651813695,17.187984520718,16.5284613721269,95.7204082962962,74.6609316685491,48.8359654553708,87.0497133605438,55.6827819598827,44.9019564942632,40.9532335885067,22.7697813033495,83.0715658701392,30.5854347816596
"6030",52.0340706480357,26.6828303984461,47.9416024286938,27.0804710475704,50.2285592622096,65.0416317054381,66.7745813452107,88.5054587856246,50.9418809560532,100,53.9711247705504,39.199467973863,100,37.7055439112983,47.2630549150917,1.76103835901003,69.8392649069556,45.7863886394684,39.2788676874944,32.5586630152042,22.3639672172108,33.7868455690774,42.9459955952643,51.6311983183179,61.7348604471781,68.2271229433121,89.611594003775,100,-3.42521150680738,36.9203495148112,23.7127330422128,45.652144271562,100,56.7897747468806,54.7560054552472,50.674118120965,40.4190225048127,44.9989308171159,40.7927031927904,100,35.9775910538221,33.5960842772068,15.8898692761397,59.8105651752745,29.8337623339282,76.3685382190295,42.4652823283716,43.5818284820288,68.8129878128818,72.2767961750019,41.2441565563627,37.4564356183411,36.4982440410521,21.442369656656,49.6681234607201,55.2734899122825,50.7169816632055,38.8400566513938,24.9333676295268,39.2030927950589,28.3775569008626,100,41.4232875322335,43.4073088451737,37.1343056149522,28.4726180556682,100,51.9456496925327,52.4907432134994,49.795385391359,100,100,83.5533940592954,17.736899036755,43.0436324205911,33.936055293022,16.304882607269,87.6870549401902,100,37.8447445074445,54.1916869655482,25.6675845705069,80.6463363452562,31.8915103506715,25.1157968488258,74.8832978595604,50.4529649058928,92.4961238137953,17.060858701786,16.6511708001455,95.0671408285238,90.9859683715177,49.0538698638446,84.3652308847257,45.4205980192813,45.0601427092873,40.1655232027941,22.7125777734019,83.2505919096774,30.3427189629967
"6031",51.0830886686655,28.4628910856916,49.025501303489,33.6086901695735,54.8343600728799,64.8872632218334,66.5196954852426,88.7989521869308,48.6133747314979,100,57.3533063325795,38.966196832025,100,35.5442321375714,39.7436367356237,1.90195339126886,70.9591169731473,44.7280002329654,39.6994059600312,57.9538456486938,22.7555625423303,34.3665199883182,41.5279430642341,53.3010051997828,55.5627399205068,68.6046640814352,89.5773524566838,100,4.91124749705774,36.9416229455641,27.4355469096666,46.3370121857314,100,55.8733566146019,55.221569624581,39.3295610970285,40.7607428067687,43.8158226094435,40.3231833879223,100,35.9731076282444,34.414116317907,14.8842625346245,60.1435251865369,30.2479615238101,75.3019302145153,39.8650807874743,43.9454495004552,68.782685243074,71.1507791667043,40.6825527167956,36.9768065106223,30.1016491047677,21.3086223089303,51.5393369851343,53.0796241223084,51.6784952763218,36.7860812324386,24.062749024947,38.7760593279509,28.9326084085601,100,40.9958495483014,48.8544280553614,38.2196404175177,28.2700687619417,100,52.1316581740786,40.9008947732491,57.4296113580017,97.8670404018032,100,83.6089252457314,17.4087431777149,43.7666665105623,32.4450793212572,15.5586706324925,80.2715688106251,100,37.6936397760442,52.0301939866657,23.1471986019792,93.8365169475389,33.9064885471632,13.2812880723405,73.7184844566769,51.3153583266403,92.5461670024533,17.0739966741159,16.541869938541,97.5429030280716,62.0371449945697,49.9033138619773,79.4374449084811,42.6002503317624,44.8692371474417,39.6906507950521,22.6001217029585,85.0461722098251,30.3033658558994
"6032",58.5326718794725,26.5975789103873,47.9449157194134,26.6702411565985,72.1333486404939,64.7282394178013,66.6285338637132,88.5499492479436,47.6300837473504,100,60.0528851613947,45.0378626841269,100,38.7598560692228,37.5755345780489,3.92897627705148,68.4383043694258,56.3522068015106,38.689505509732,58.5467083786261,22.3685026050493,35.7855136500906,41.5963692745853,52.5366168114591,54.3941435064312,68.5810075446881,89.5967818627019,100,-4.2916238655256,39.4266625747094,24.472331490294,47.3072747780187,100,55.8771971603137,81.9227974660764,47.5535820599324,42.177433297071,45.4574784693642,49.1755808218678,100,40.2484442534247,32.3693961160512,14.0896061305887,54.9872024440715,29.8750741123933,80.3668625922059,40.4680237767371,44.630565338205,68.9578181686434,71.8103991212451,68.1558356665035,36.5367452424344,34.16511344402,22.7072678061357,52.225037402512,54.5545104635333,52.6686354338728,44.2768868740912,23.6779458499399,40.163658393201,28.4568422091555,100,41.5571933102325,52.5687669699337,37.6832953458313,33.7523561036057,100,51.6922061354126,38.7078544855924,61.3492570200251,100,100,83.6016971710894,17.114052910808,46.4306236449938,30.5955479450607,15.410178872589,77.5473818721033,100,37.9018997135249,52.4830303382104,22.889993659605,90.1690678632476,31.8924165414971,13.1886083634483,74.1099807671766,49.6381297991598,92.70989640242,17.6092970198465,16.5398550692823,97.6609797478931,59.2142274078319,48.9903438774566,82.3032140626208,42.3048793995769,49.4445700173583,40.748100430133,22.4962652219123,84.1934827936907,30.4299345680985
"6033",52.9494554858228,31.3482759187241,54.1234264593487,26.7705556095931,75.1971963171259,64.239516127942,66.7691741055292,88.8695478336015,53.1103303050459,100,78.7360488048966,38.456945055645,100,36.5397462259457,54.7847496421608,1.84474870607163,73.7679604599524,46.7894470414923,39.6426877273065,78.5480317746607,22.6536919051626,38.7230893352602,46.9495801928755,52.9067430511672,36.1654522742122,68.1513091419822,89.4855158090152,100,-6.3831153744428,37.3628999851476,24.0571414888682,53.1743071038715,100,55.7616852216353,58.8279488785403,39.9504323329142,40.0070739573195,44.0280759249217,45.2289847251172,100,36.1499119716408,42.2831486766115,16.009318715618,60.4452334549771,28.8788158901529,78.4252716400593,47.4109282720577,42.5507777345635,68.8230253666731,71.5626484358234,40.1119910473353,59.1983995739719,42.7490058496271,23.4950987794621,64.2635309570751,57.5356892275477,51.2503519869552,38.1227185077907,28.9086266305954,39.0882603503221,28.2296366943798,100,41.4081318556989,43.1862512792802,50.7518666890806,27.2104282831644,100,50.5684755369038,42.4797453389255,56.7730745861438,100,100,83.5874191075389,19.3105340958909,51.5382272414307,31.0032333850971,16.3589575111992,87.6223103446206,100,37.7931249610361,52.8933326378546,35.2773938218946,88.839347600161,50.3140079482283,14.1392313399215,73.8245763437751,60.0924828120826,92.7067119146117,16.9729874436718,16.5431869263411,95.692363803791,64.4963045091326,57.8368874604471,87.269234768288,51.3439775124396,50.8900280796937,39.2761626524573,22.5077632172739,83.916488556428,31.1975027076034
"6034",51.8574910574768,32.1536154288772,49.4714514604437,27.0868077910512,75.692935555047,65.195855211926,66.6396596058967,88.8923938519045,48.785318967565,100,95.5916501870257,39.063729577621,100,43.6758802336424,39.8357943078934,2.67279193595136,71.4189182492302,46.8008062689234,50.0249140254277,35.7287084466429,23.9734590785243,36.8864613188052,44.7577967045118,52.4179359725191,57.055186032862,65.1700559641238,89.5037014829195,100,-6.46370548905076,36.1401199500382,24.4934462487105,45.4173770592484,100,55.9724960070522,58.3345879935276,51.9868419185678,39.4564374864188,44.0902462576541,41.1215804597192,95.6920891249912,38.8158428511372,33.2686513078074,16.1109033929998,55.4857390663372,28.8941416118123,88.9050753111889,46.2162585525576,43.0997785816901,68.8300415871623,71.734219163412,40.9832234083799,36.446897500675,31.0830122827676,24.2942161664418,70.1602551469035,75.7671337421205,53.8194807444705,37.3709259958355,23.4685175381042,46.9518739968378,28.9053426568822,100,45.7810979833505,45.6560152116972,36.6237601691867,29.3351031844655,100,51.3579564726337,41.257895355668,44.6014986017962,100,100,83.5654551366547,20.0818605239551,43.4702544078337,32.0103552559844,16.6978871361762,85.9303695968653,100,37.8140521253311,54.4938039178176,22.627678650281,89.8441902686212,33.6882315414834,13.7906596866804,73.4181699264531,70.0665337704007,92.6475509522017,18.6340274378663,16.5186261595396,95.7683937289589,56.4624045053679,60.1635631546654,79.9931358854027,42.6493830885601,48.0673062321159,49.2175696215887,22.5143658940376,81.3839274624959,30.4850101960555
"6035",53.5189839027266,30.4840630163774,50.0864927968651,28.1148564406566,47.8153436218242,65.0273364628285,67.127371470251,90.0864174545119,47.7898590681145,100,80.5120095979416,37.9688599956679,100,38.1381158150192,37.2131230480575,4.14587993794839,66.541050326087,46.9114456660456,39.4793344496297,33.9122242685312,30.425851855513,33.7633178909024,54.7192837410478,51.6453520205117,50.8437380438559,68.421377846218,89.6036960615826,100,-6.55260822502208,38.1617147358227,28.518649769888,45.6526847692007,100,55.7300494670229,70.6379760300207,44.7549065672311,43.0771944008605,46.2023200327468,40.829930322215,92.5801750579377,36.0166656711015,32.4868793047213,17.0389001726547,54.3042379219398,49.484206908856,74.5970811838299,40.948071069395,42.4570371968253,68.8106515454011,72.5789217016169,40.3863175643533,49.7434012005942,30.0058041099325,25.9218866453298,57.5757963766089,57.8497759287986,53.5431957440741,40.0638693836095,23.9154451105889,39.0255099939387,28.119050032741,100,42.300811709481,48.3396800912075,71.9333847331009,27.2496580714381,100,44.2242252080182,38.5503392668898,44.5736934130992,100,100,83.5589309605425,17.0992068838947,42.467978740273,30.1238797028968,15.5489327838913,87.7700560375817,100,37.8398649119278,52.6613790509582,23.2838632559733,90.2796375874708,32.0243522985875,16.6626535135497,74.063953818726,70.2323526335931,93.3886583672069,17.2791722070036,16.6540506245913,95.8982555909255,61.7463466472569,61.9346526316139,80.9755596071899,41.5102952889881,45.6380784763447,56.5610813291259,22.5271748245935,82.3068783228314,30.3175737504598
"6036",51.7603534354822,30.1833745648429,47.4641774993982,26.9556829072148,56.974622971905,64.9892808888524,66.5759143522289,88.2182928016063,48.0516108298958,100,67.0549308619773,39.2457238852874,100,37.4913749382897,38.7342902614528,3.54590018576736,69.6363379182381,46.2087076163381,40.1846406409162,33.8544024820002,22.1642444932162,34.0136750230036,44.0157260892927,53.476545686998,57.646844351501,68.5094609379481,89.4967828245997,100,-0.482952979285152,38.1935257666798,26.1692750674463,46.632045583542,100,55.8514299757516,59.8448590973581,48.185917507235,40.2757166152792,53.2273591055805,44.0062317934844,96.8487163602156,36.0272708111629,32.5207855265023,27.3948497576108,57.5162519292961,30.1961438107039,77.6052087163989,43.1557779650379,42.8506025518463,68.8261257147466,72.8957820418839,45.5191369746777,37.0297732876146,33.8102918173117,36.5685357483764,57.071044290403,55.2715682372701,52.074416881007,37.2833141324351,23.5536418721986,40.1198490781302,33.5664407396212,100,41.6539955644381,43.0459646740172,71.2275413511368,28.5714655372563,100,51.9967900536674,40.6266703200431,44.0517818669236,88.0964696448144,100,83.499885650257,17.2042105238675,43.6586400823118,30.667808570793,22.5781959267639,79.2200452514282,100,37.9868594295269,50.8848453294654,22.1622984053418,93.800577305927,34.5250234083568,14.0128632059566,74.264075336759,72.697512950405,92.6342719649627,18.7496086054029,16.5192176014616,96.2573635820508,59.5136274460422,49.0999431066107,87.2057317856899,42.389423860091,44.5528243829165,43.5450484256927,22.6660884917705,84.8361766094759,29.4678918756769
"6037",51.8248394358682,26.5562220259934,47.5084331651393,26.8238827434059,49.015042757566,64.7958210631242,66.2696556815337,88.4932254998022,47.1405215853489,100,54.8141880422914,39.1254312276192,100,46.9961844426224,39.2515476288592,1.60195915573679,58.764779447287,44.8849258458694,40.3788735814492,32.852319751287,26.1343986901649,40.8496576926367,43.8555868541441,50.517046049566,51.6001122939467,68.3253200510743,89.6214579398132,100,-5.33017385061344,37.3426899359916,24.8374035926256,46.9667389977697,100,55.6867713131335,66.770031971643,43.3915941076234,39.9641935787245,45.7052559519832,40.9216148853469,100,35.8766638072792,34.5618050915121,25.1750059495299,54.6152670423841,30.8592118478721,75.0207470423468,40.0825499128876,44.2495538160925,68.8262376109723,66.5136945682981,48.4162074342216,38.1639162418673,29.6048926354346,21.8393252726506,55.1351737433506,55.7973412840569,50.9468034294471,37.9203585906589,23.7649606010367,38.8366917735199,28.346963750506,100,42.2568399336668,45.902488541409,55.7121405885092,28.1330741549061,100,51.819089340848,38.7168719454599,45.0827887128424,100,100,83.6774636402173,16.9902332376864,41.9550813024138,30.4257529287732,15.5681688014361,87.7635363034459,100,37.8067084105587,53.9235150511937,24.4933930594853,94.8522834116297,33.2918750037679,13.3098355979396,74.6586364323199,76.5250328737365,92.6742041463885,18.5485579019471,16.3340258697313,95.0835811194178,61.7842922029825,49.1587418496098,82.5361780423801,42.4006385266526,50.8534665742673,39.5609115663954,22.5244021237696,81.1166083163668,31.0132600437932
"6038",52.4177644328043,26.4472492017021,49.4143818078969,29.1047695376428,47.302978431993,64.8242917295745,66.7670182932124,88.3738440800978,52.5059139057096,100,56.5082944033378,46.5547007329386,100,59.0180679471676,46.3518136929201,1.81665068546623,62.1933068439362,50.7099446164157,40.1942074156946,35.0555224699927,22.3049035044361,34.8674607783281,44.2961571468991,51.8465785183569,55.9134226142114,68.6884476151526,89.5556321983507,100,-7.38761910422635,38.9847271425884,24.0068930428244,45.7019230164738,100,57.6044341765808,64.946292501849,50.4227483629058,44.6550066761454,49.4713730843996,40.6794009269494,100,36.0154248760019,41.6849620035623,15.7230106488637,41.5944954022125,30.6932507191978,88.1190795217742,49.7646899465972,42.8213387156095,68.5588290136125,72.4181985330562,51.1975415894152,36.3583034256648,39.3909930118709,22.118921705766,60.3790819248597,54.5622876864626,52.5442186367586,54.1974903530871,26.6884474703212,38.8397839235215,28.4122985714612,100,45.9378364555931,52.9418872735129,50.0401394692431,42.1509947626887,100,52.0284223446596,49.9171156193095,50.9343882240811,93.8599314964666,100,83.5339684700352,17.0298539880991,45.1378598133586,36.5599180912042,24.2331027727811,79.4240572549327,100,37.820916788587,51.947109449457,24.1818711113919,91.4658040773277,48.3395373900009,14.3029906498545,74.3948440085847,49.6730741886623,92.6889288305075,17.7564768883022,16.5123171379644,95.9631964093279,67.9688486628951,49.7918900240406,83.2610935960324,55.7599317228308,45.1789934243711,40.1034957597573,22.4850529850694,82.8752859270352,30.0687019319195
"6039",62.6332291649405,30.0765045135853,46.8474299731356,28.4942074455186,51.1529874155551,64.7031477902492,66.6079343939964,88.7116919515866,56.3503827733785,100,65.9276716113713,41.032451488045,100,60.8449823440121,37.8741294884242,4.69749248677713,61.7141354059756,45.953502347398,45.8136359052,42.6113784978831,22.4439238725883,66.0336353423759,45.7209772129532,52.2885182746822,58.2585765002392,66.3811566663514,89.6063882755112,100,12.1066217740605,46.5543782812978,25.7983256956436,56.8575847167708,100,59.2398399089424,67.6550400312231,48.1057904802815,39.7368465010288,43.610096789803,40.3524477173232,99.3164224116396,37.2507660743946,32.2656871010627,17.6186820406872,57.0774131572038,34.6283657504257,74.6634487718492,40.248478739545,43.1521319106956,68.8280607842756,71.961975253035,51.3191791297202,48.4050744797323,31.1728949493605,22.2250464997421,64.2590680076916,55.2496897447146,51.0549700720343,38.0196663230986,24.0148715298811,51.7434145851514,29.4979433162262,100,41.7285454935672,43.7927854453967,36.8441006032887,28.3721062748311,100,52.0285917560102,40.3249920098195,47.9438104360917,100,100,83.6116683886527,19.8235436240957,55.7527349852016,31.1822052957875,17.0184966433318,81.9426601152605,100,37.7431963477467,53.8221849085951,25.333787541794,90.2613965091024,33.5118000998827,14.0318490589704,74.8090805559314,48.2097686070605,92.7172593683098,18.3582628058359,16.1601512972442,95.2261480084224,82.274969056247,49.7210414452562,82.0554065561414,42.0066914106325,45.1842578397331,55.4348362202861,22.6468031714317,83.8341216484194,30.7845225280332
"6040",73.1995966690454,26.4937879031672,48.9254921692199,30.8899191807795,48.5976236757643,65.0278779289751,66.9092548716293,90.0339465421503,48.408460045213,100,58.7109100902725,46.9576751997,100,42.1110877509065,39.4013770011458,1.87071792555817,61.358933452864,53.8591657424489,38.5923452171603,37.1517192481731,24.1532346741624,85.5552099803616,55.5468553368903,68.4395329148704,54.4233320828891,68.4659087947832,89.5109342513435,100,-7.22250757459286,45.9699886545948,24.1402763864945,50.4408181731284,100,56.1704438596347,56.7759748900355,49.0667315410637,40.2009524527499,47.405028154717,47.9522335463073,100,35.9188065415328,32.9896674031403,22.9198998634515,55.1390766346485,29.9647907683187,88.5360641611494,39.7192542098597,43.403451224974,68.9224527236262,69.2068295746423,44.1700015630706,37.4871550092061,29.9433290096138,22.8175897975215,71.3134952284295,54.4885391772334,50.5155558320731,44.166870938621,23.5576369263289,39.1609870074296,30.4870892215596,100,41.3759602751145,52.6417854846131,36.9517434698173,41.0634185521709,100,50.8185030805844,40.8271040172353,46.1002995344101,99.8479292492738,100,83.5900714751841,16.848875312303,43.4648813442125,30.5884414188468,20.7764433968286,81.7087147574455,100,37.8096630137526,55.5227682099655,25.7631760564445,94.7648157929499,32.531326400295,15.454568470713,73.4163455456239,48.4490386754534,92.5173918169516,18.2007754539098,15.9570104335239,95.5511481240087,88.5180578945469,48.8560495506468,79.4551075658253,69.1481152076973,46.5758230808585,67.550363837402,22.5474961770758,82.1785056962276,29.8832596229368
"6041",54.6255640082952,27.8306194017889,54.9620392262835,43.318555881867,49.0250752081515,65.2023180840023,66.4306862358317,88.5483302624489,47.8411624477326,100,59.3743927694916,38.9091133945352,100,37.0164323186317,48.3633523188784,1.39351091049435,64.1086808534894,46.1444843009984,39.6055167738987,34.422222829476,37.5477229206464,73.5063111697382,43.172004149665,61.0465181984887,54.4187198441198,68.652140024863,89.5767106859461,100,-5.71842043501854,41.7979812666217,23.6627147619861,53.4398272204691,100,56.0643741709674,53.7296292045977,47.6673279644957,40.3995833795992,46.6504374355071,41.4790396022147,98.8995620276325,35.9570366745184,40.6690294710927,17.3692835559425,56.9740532618719,30.1748309656179,88.3153254993479,39.9525453345291,43.2575977499337,68.8255401754107,71.9245581560061,45.1788306174676,36.6448367333018,49.076560896365,21.6612539292255,68.2509083950128,55.7909073375407,50.0861328852246,37.7743584677205,26.5314272563162,39.1043692311236,28.6881193232893,100,41.0377853540562,43.2574531238642,50.4630686083625,35.3505856596962,100,48.4868956113055,38.2877616803836,44.6049204809109,100,100,83.5584099632848,18.6011550379257,69.7263860924605,31.2609131133366,17.5407790362071,81.1207555902815,100,37.8243531667003,57.8895151817202,34.8418334007395,99.3133068917734,48.9444499795919,14.5512428103884,73.6992246847656,60.5096006250793,92.7063884078084,18.5456101902165,16.4883192890239,98.3832623553109,85.6041458305003,48.8187663914526,79.2695228564817,49.062811261541,52.0048985908414,42.9410555384126,22.5438706697916,82.3913860770213,40.9437950078112
"6042",54.7873201812336,26.961050677999,49.453559750545,32.0430881734237,49.054652740744,64.7049721014286,66.6542412731514,90.0948103478526,48.6662716977427,100,61.7759355048788,39.5836688402824,100,41.4884352287513,39.8390087747855,15.9979250184949,70.918006669263,44.8984109665924,49.8928474480129,36.505551761136,23.1063191733387,63.1934693414197,43.3286168318104,99.5809287528832,57.4260965790141,68.6436483614121,89.5127041781863,100,-4.96023896848512,40.6811200566876,24.3850976750145,47.1322573819133,100,65.3771250427181,54.600705669192,50.8758759828659,40.5826194339395,43.4759628830088,40.0058024508195,99.7002044918755,38.4572066750307,35.1916059434024,17.0456286916146,55.1835112290363,29.6581796096611,88.0707716386884,47.5948758574369,43.6326723518247,68.8088346970333,71.5811391051642,47.1166420044101,36.6891161616076,29.4913975639014,23.3534973472564,64.9768753642638,55.5937526059675,50.7722795180367,35.6625864811157,23.9887126538174,46.8946194306521,27.9946309815168,100,44.3467597244383,44.308041131484,36.6308922389278,29.340461795759,100,52.169457383131,40.8218012304394,44.2041680286148,98.4794410614246,100,83.6607326042719,16.8117129258049,58.6978806978077,31.1767154714236,17.0548865323085,83.0911954960675,100,37.3519511322702,59.4204622743798,22.1779716475473,94.209707720599,32.1549854845505,13.841938198875,74.1973969919026,48.9653556332747,93.4453618596071,17.4638969225024,16.582776267331,97.2978198810444,91.616601897017,48.9257734273083,79.9018287873773,43.7590530939267,45.0505131562269,42.6852958693643,22.7919822785532,83.3795881778061,30.6353367654726
"6043",54.6512059830687,26.8880050681929,47.100169781043,26.9646577359179,57.7871028658063,64.5341695082085,66.622197682556,87.9371998897622,46.6363490183991,100,55.9616079835164,38.3157838784878,100,36.7478136354417,38.0183935043022,17.5800554703763,74.0606185531498,45.9688038062531,39.2694387284679,32.4374876877939,22.856906204927,45.0977402165292,54.7362586441431,100,54.9573710602653,68.5169881465611,89.4884077561944,100,-6.04392149649974,41.4449971537991,24.4743443395317,46.1477214990166,100,56.1226830645698,63.4428717712689,49.7460198554848,41.614235728849,53.3884852163447,40.7137961476972,100,35.9143832591727,33.3927153790747,17.3145373825295,59.3230381311783,38.5320954339563,88.6865331169649,40.0730720109073,43.2520471995558,68.82087927356,71.6718346260504,78.4144769517524,46.5015870254093,32.778724973471,26.2234507859935,80.8829470257456,57.230716303444,52.459393661428,37.9354790824019,23.6368283674968,38.7482572818017,28.6787468447699,100,41.2858142767078,43.86620749452,36.7102385380358,26.8038871954395,100,52.1723885358043,38.9266651406979,44.7405069327963,100,100,83.5510435289267,16.1561047067405,42.3502665794366,31.0126837937609,32.6434379131363,78.3440214634737,100,37.8397168168228,60.6981360806776,22.0655111283196,97.5407665977904,34.8104041510515,13.5418670200911,73.4518635246234,79.0719070988774,93.5161833828002,17.3243587346325,16.4411269733991,94.9504879122783,100,49.3275277950361,80.0680966241113,41.4618594791722,45.4903475342788,51.5284700011958,22.7498168487931,83.3227604009403,30.5504756836589
"6044",53.5716115922153,26.8851540399202,48.0467536394005,28.504899364338,57.5247281168254,64.6533328280515,66.7159270479026,88.5638156423066,50.454155641311,100,56.7353974998604,38.9428936421803,100,37.3649570858295,38.0872492527667,2.46435247201029,71.8578285787038,45.3798591868237,40.1025284608887,33.2748531908712,22.8526805553741,36.2783868709887,41.6801037282948,100,50.6605149098834,68.7803381297998,89.6143780565714,100,5.04541191442271,41.4742466728548,25.2163247390779,50.3429289040707,100,56.171967036824,53.829476339872,37.8489300449155,39.5034006798311,54.9515384142042,41.2469196441478,99.4718555305846,36.2601778201006,33.5362565475899,15.936114300538,60.3181938795417,30.4230349093996,72.4753394547988,49.9763943578853,43.0969269532848,68.8275608676364,72.1438925889864,68.9856149048858,37.7579223501763,31.4865678201315,27.1610116056344,62.1079194185513,60.6241319789979,50.7591313955525,35.6767460973334,23.6850456990359,39.1923943477696,34.135863827193,100,42.1589746782184,52.8161465442208,38.0641025478016,29.777549287634,100,42.9069541490175,38.3372217690375,44.9333401378758,93.2477055928564,100,83.6243445918552,16.310718355543,42.023435108636,30.6560689226206,45.8064701579049,79.3057107084831,100,37.8404451775901,66.4675322895318,24.4526572808489,96.2456548242781,44.2410616566683,14.2215177755296,74.5170378890825,75.0664075145387,92.6663033808479,17.4981671123975,16.3115464877883,98.2008469285159,72.6091743616943,48.4773744826525,80.6410759579421,42.7137526407209,47.0148343281198,41.2924819799013,22.5583547680519,83.8858255852831,30.3812905700522
"6045",53.8768838093415,26.9487851940512,48.5679920725164,26.8500907982881,48.4321010345618,64.5725206669006,66.6995125441246,89.2980492211904,46.9461705571469,100,63.2140421250589,37.9517684795186,100,36.2775448406932,39.2214143917194,2.15774329872218,74.6133205477883,48.1767455294283,38.6153211352356,34.2594707057196,27.5880976281992,33.0574992832194,43.0293888502789,99.0031345047701,50.0235824407005,68.751337016162,89.518557248452,100,-7.18999346726668,49.0496807624074,25.4996983942362,50.6167359856471,100,56.2769327623059,54.1150412513119,49.5482357966145,40.2583144665424,48.1305480880675,41.1484964972009,99.8265922789909,35.8979861855621,35.1888721976401,16.4354813086413,54.9418920690701,30.0654458998698,71.7634075197021,40.6862463247763,44.9464228549559,68.8097841462807,72.2434493350969,52.42415142769,38.5810649198913,29.5473285312948,23.129747368922,75.9511098600528,60.4923655114554,50.5660255144288,39.2783711724781,23.6427483532658,40.3388338136831,34.5098737687433,100,41.0263774829502,46.7322351009658,37.1298582037973,27.4240101237258,100,51.1976710462716,40.7758277247748,46.58910875202,100,100,83.5517331015842,16.9699635927928,45.1866454729873,30.0276980471351,41.7420820201313,87.284150746085,100,37.8409156291368,64.2030293410797,34.2118988257932,83.0891637366152,34.5490503474703,13.183511773804,73.7245469431636,71.3598630087006,92.4766018578946,17.4917660325048,16.2030337754528,97.7340101813406,61.9047698706505,48.1239404967537,86.0619779315942,48.7923349628925,47.2337261775995,41.2801627313934,22.5871983623614,80.8117120689525,31.5860331684031
"6046",52.7505562736002,26.6840120591537,47.3914583021423,26.5548648024945,47.922866407891,64.8951220034892,66.9918799630196,88.5763908733852,48.5496667528117,100,55.2952326283993,38.9302882485161,100,36.9225831844899,39.8593088018379,1.74972922522363,74.9420320095387,45.4145287625718,67.9657589572946,32.8670642497119,35.1055354337357,36.0328212678222,49.195615643958,96.0299123503294,59.224748052818,68.6369110539822,89.4987041543323,100,-5.871044112925,47.9685328871524,23.6813685516928,46.688151783676,100,56.1365828184465,58.2982763129887,50.9087089164383,39.7079394030369,46.8899639894542,40.7267494716726,100,41.2758280888345,33.9301440077794,16.5569855269725,41.6203566968487,30.7669320530196,72.2150932643281,40.0981354520495,43.8060360290949,68.8274329709051,66.4907655049408,49.865213723012,37.3311768148713,35.0570802011664,22.0355139473939,84.1827167588921,62.0896900477956,51.5229772864504,36.4921105728163,24.2122760895994,39.1192604483372,28.6211421562436,100,41.3430992006527,44.2735076526296,37.2102171311825,41.6169714043073,100,52.1723080645046,61.9177564551202,44.9129937336309,99.5424909553821,100,83.5936794052249,16.2456836624311,44.7132235525941,37.6030228722663,14.8624223048556,79.1358899978157,100,37.7836531498391,66.7322436750208,22.1136510032687,90.5582784187973,31.6348862280818,13.6408362024853,73.7811783898879,68.7873039716412,92.8025118510241,17.1857612786756,16.3723895793352,95.7759692453919,65.8391617572821,48.8510017138732,83.2606639364276,46.7490933611198,45.5862597299648,49.9697288985301,22.4935939461605,81.3961289488961,34.8985314617228
"6047",55.3217031345999,31.5517581091783,49.3275495987204,26.8953366568652,50.7891282515333,64.91742513428,66.7307113006586,88.8028845565883,50.3919808319819,100,55.9513079850956,38.82941304934,100,36.9118650401974,48.5113933600216,1.52732022818126,75.4887526683299,56.6347824286638,39.3183857084649,38.1279028821359,22.6759226325378,33.67545923698,41.4593913356014,88.8709597977429,40.9937933966604,69.1239393986589,89.5789476417165,100,-2.26530628145971,56.3697573089234,31.3495764074017,45.5950017149452,100,55.7808407194971,54.07865513245,53.7243956275177,39.6730806756519,49.376773615366,41.289662335655,82.5859507107306,35.9749440783133,33.579574245487,16.4405543219009,55.1242999138855,29.7427763259333,88.6184483725093,40.8215985781994,43.9491225028812,68.8132576325495,71.7969296488624,50.0797572097736,38.3860715966763,30.4213700303152,26.9174034321047,86.3694467825126,59.8186774894033,49.9001461025911,37.8716819402567,23.4873028473049,40.3376144921871,35.2706453677321,100,41.3858697730923,43.4376818464823,38.4463087624813,26.8218877101662,100,43.4269637554244,39.6358922265031,48.6489564228501,100,100,83.2538531420903,19.2360862854988,43.3320331415851,31.9177513360281,15.1295965762235,86.9678585079001,100,37.5668932625605,68.6400892087141,34.0439902718997,90.4124840072349,39.479159765411,21.5009036872715,73.6202089662958,48.3079154533782,92.7144020365327,17.2626707273988,16.2809824792557,99.127980985893,58.6357657277798,50.7431240532197,82.5324378857272,52.8763690453236,45.5091618925925,40.6924990821158,22.5458917996172,82.9187648341386,30.3515998077646
"6048",55.7434542513091,27.0003825942883,47.2728150845053,28.0801615664772,49.6496391193573,65.474198014472,66.6770799624486,90.0918810259402,48.6162463534769,100,56.9316700910382,44.9368973589583,100,37.1090709718355,41.8438396416391,2.29409999086007,75.0844326327797,48.9225689992226,39.0821666434933,32.716586753645,22.8613406144638,33.459228786529,41.7823162218425,66.1453728525749,57.2660414413174,67.7018442792643,89.5473393840854,100,-4.73159186023357,53.9036181300686,30.6775834023086,59.3052708485541,100,55.8830904195369,63.1874556445975,46.9184784068825,39.4794947987595,67.0752072016439,45.2056801225881,49.2513407484656,36.027399359035,33.2184991898168,17.1454331080838,55.622666071848,30.9575938769762,74.338506144186,40.930274383125,43.3392236302714,68.8170960276271,71.8518217884423,55.7324269093187,38.5831786019648,36.657037344896,23.3760373545359,73.5077919001398,63.9039957247545,51.8348990173343,44.1558069764379,23.2781587428202,48.526479526512,28.8030974085786,100,40.9308799728825,52.301014572394,37.7906673797433,52.0815543217541,100,51.5722792482727,37.9661024080637,45.2892423064995,92.9282425401111,100,83.5147838515141,19.1703838046529,44.854279579412,29.9905342113018,19.7872789827599,82.2198074279904,100,37.8348062354286,72.5615411949052,22.8291678038497,74.2745585262298,32.383820183224,13.6185707936883,74.7182872284968,53.2278131664163,92.8151600617873,17.1458808694521,16.3671735529932,98.5720006516209,62.497591035239,48.6987683410238,81.5558811161705,44.799144896429,44.5325379385341,44.6708151131831,22.5456290329936,82.59590039944,33.6452106008708
"6049",57.6028851216684,27.1257004709721,79.5977490386148,27.5790901236429,50.5215149725439,64.5857020232365,66.4671996984648,88.3494682212952,48.8129860515886,100,65.8830910549335,38.6657655274758,100,37.7723680377025,53.1316077550423,1.76884260658661,72.4545174745549,45.2125590584473,38.3852037891357,35.6768724480091,24.8325357021447,35.8897464596326,52.8862065711906,100,52.5238467890352,68.3626039824484,89.5833551492417,100,-4.78839267556591,56.9624878882994,40.6453363547747,55.5207826019838,100,57.1833868186971,54.2865120747746,50.484932660372,40.1955617834728,65.7071991975728,50.9910295977022,66.0709838355493,36.4745747665685,40.1111613267725,17.2582930505166,54.1581668382139,29.0179028020209,74.3028323325982,39.814958719888,43.5771723244523,68.7493303531191,71.6087981791826,48.4073707530908,36.7596570449181,41.6703037664338,23.7037694193337,77.8211172538141,61.6297074621581,50.613332929325,37.5406342269619,27.8894096814196,38.8282143358827,28.3416787199977,100,40.9544783231489,44.2636426597909,50.240426072335,63.5295797359635,100,50.5694735705577,38.6899882691593,44.6844805299348,100,100,83.550108418677,16.7497772526387,49.4969065578076,37.1321548443522,16.466897995203,80.6195106694155,100,37.8519172802345,74.0289514546992,34.2388839682246,73.7404850444745,57.709043333562,13.5580157641062,73.885427973887,66.8557870012916,92.6848701646568,17.3124769666999,16.2574914872088,95.9126667832834,63.2500775548829,58.928833763276,83.4294076357684,48.8974015320372,51.7684699521386,42.0704880419141,22.5212647576588,84.2549003983979,29.5058515665309
"6050",56.8078351984256,27.1083741526054,48.6740535864694,26.9281992961468,48.0156426714968,64.3483832437349,66.7762788968938,89.0095477396403,48.9003607101155,100,70.5806918443344,37.8501421152611,100,49.4592031433517,38.0408321671537,2.35529877543341,72.0960628937066,45.6778602984273,52.4178240361795,32.7927023717574,22.9577426060121,35.2856863244695,81.5163793394916,100,38.1888302245641,68.3622868696075,89.6398019841046,100,-7.25438136016297,55.8259898166961,28.3146400394159,45.9852767316024,100,55.7915207247265,54.6876388498112,46.25099494514,39.7312270132307,72.0598060628493,41.3369026979247,22.9592816109786,38.3818513597505,34.0687986042216,16.5284449337498,54.7850787251792,29.5940862121307,74.4448379784169,83.5106262620508,43.6596238935215,68.7893045604915,70.7211694684077,53.9754342478568,45.5313993539465,29.7001249656687,28.416684719678,68.4936492154029,54.1997229179525,51.7341135204385,37.8349972406661,28.0369893208534,45.9867065245031,28.2339709868846,100,45.1092218160093,43.1192189808685,37.0866129880308,61.1186298513013,100,51.5378994657208,38.8213037285643,45.0149820403694,100,100,83.1767422402147,17.570088079457,44.4637630853448,30.8475171683864,17.7051949338802,86.1783735460152,100,37.7739623065045,68.1861593536458,22.4345743121261,86.6966659587432,31.7623072613711,22.0269008270113,73.5929724754614,66.1940968563198,92.6884579606829,17.5358959530295,16.3507048565402,95.6223961104784,67.8311784897165,64.7723867194881,86.7441475157935,46.6634305632066,46.4310016896211,40.7139613047729,22.4828967097157,82.9331969559612,29.6433417405878
"6051",53.6226415374246,29.8202198607797,61.6680427303819,27.1739466965674,47.8780226264484,65.0418771292905,67.854381956725,88.468155638323,48.5534477392938,100,63.6294596956412,40.4231890270817,100,35.6528737174486,39.3614721437104,2.40999756423824,70.0164501758781,46.0719294950608,40.8956320638492,39.4150480555278,22.9273123520813,35.9325371681153,60.7916313268339,100,37.1148451452788,68.4568887077775,89.5771765503413,100,-6.70050709438078,46.3444387413519,24.3234415406683,46.0013213367776,100,55.6404287327597,68.1866796530516,51.0110231698255,43.1601602683184,61.501685411633,40.6230682482677,22.909132910291,35.9559864589756,35.2700821057909,16.8553891402148,57.7626732724158,35.0816593234183,74.0279856758969,82.6270127197507,44.0437708095156,68.731317044381,72.674471400441,53.2933479705144,50.4827655426789,29.6002449156627,22.4343640374762,60.6764595946078,55.6925580196606,52.3119301713964,44.7679045648133,25.3740260020556,41.0182041191193,28.9729676060586,100,41.174079211426,43.1971280443575,37.2609565297721,63.5483743465227,100,51.9287933379263,38.5583525686359,44.4536169087762,100,100,83.4177699250949,16.5148794600476,43.4991480630528,32.2920544516261,16.897929872075,80.3088968113719,100,37.811231767712,69.6988476977296,22.8743720020796,83.7239695060758,34.1054454665368,26.3783546693329,74.4779910796866,49.3001134536782,93.5279902065181,17.9565839429291,16.259541011416,95.2567116634471,58.768377584293,58.323273079136,80.0928781940828,42.7501282081948,49.0693774170049,51.6508784727904,22.4860123183461,81.5057893810909,30.1389890172646
"6052",54.800256906227,33.1421487739097,53.7006137923008,26.8564570176599,57.445361758205,64.6449008971174,66.6887420842417,88.7376608384415,48.4585225928131,100,56.051212775572,46.0973855239061,100,37.3131138859523,37.5665805997084,1.58234943413691,68.7722549849036,46.2365058892816,46.4723216130105,32.8792046987905,23.5523469621194,34.0797991557167,43.2474959631584,100,42.0377944712738,68.5591858274377,89.5857203422597,100,0.635202918299321,47.236291534269,25.1017466228122,48.8234527838258,100,55.9301909425068,56.534406753385,46.503955534676,40.4282261958883,55.2547251225385,40.5682821287669,23.9494030873521,36.1154453380739,35.4111499097264,13.9744089476607,54.9977689506378,29.4795930086168,74.8105769093594,72.0010621954565,43.7740443244525,68.794120500485,71.327035177517,58.7377838530191,38.5378381132738,29.6215832621915,21.7188462280439,62.4607924554042,51.741298762084,50.2814084475313,37.286574757903,23.346183490701,39.2664258310675,36.5205211153588,100,41.3225738926824,43.356700128153,36.869566587913,62.713468602971,100,50.3464108952185,40.8190901407691,45.2460354436404,100,100,83.6781934040979,26.083358948754,43.8857844638017,30.3044708442464,20.1954170739561,86.9645274269448,100,37.8935841824731,62.8498081660649,28.6741821615916,87.1984553715045,32.4773991569424,14.0968230632158,73.756086050862,49.1619869383966,92.6820547647577,19.3361145254536,16.3898981254363,98.5974306010504,100,62.2633623027365,87.112751354393,41.5155386728001,46.8413516491471,42.117291165165,22.5418759839855,82.1377105324459,30.8249487172537
"6053",54.5171843072811,31.196991107209,51.50898018256,26.7638693176672,46.9712343558724,65.5184378300529,66.6276274597148,88.4764823367956,46.8888093442284,100,56.6505926791462,40.3979378332314,100,37.1236003174821,40.1142765719064,2.12344081259608,74.6834718521092,44.9996656064249,38.3321535086845,34.0025092544741,22.767836788249,34.8973693156886,41.2443500227199,100,85.0583480079638,67.514908976015,89.540852210125,100,-4.86390850248218,44.2182052309856,26.4467276539264,49.1372369233582,100,55.6064063139632,70.6537608756132,50.9628880630821,41.813904824985,56.6165044150402,40.2598894723182,22.5329972419531,35.8308526181408,35.7115865383963,15.1110081255384,54.6840934510959,30.0528752815841,74.8094867686499,64.7187055073379,45.2473374255015,68.8315326436668,68.7811311607825,41.972726829572,36.0799036408148,30.0710496157938,21.8426919397525,55.5913837850584,54.2096635122343,50.6770191050492,40.3352730307022,23.4464343698038,40.5060748232545,28.4541132625397,100,41.0105215137348,43.905042300522,38.50650753654,60.8284417031408,100,51.7549679788948,38.2030067147707,47.5974380523862,100,100,83.6559820110185,25.6902632220864,48.7310310612105,31.1248110843638,15.6805824547893,82.6575966607376,100,37.8469219579723,58.6766120694753,24.6139375943332,94.0827971551491,33.7126563861631,14.5212216462417,75.3529780946529,48.4592569872081,92.7274381411201,19.2549733556121,16.3822573754609,96.1770489641719,86.9403698908219,50.432798033316,80.3061370180049,41.7732219074864,44.7250255409186,44.2784034909578,22.5415225111051,83.9773775908066,30.1998277583121
"6054",54.2157732193106,29.3433158743466,47.3230284928006,27.0035675278054,49.4292123095934,64.4924914628846,66.9551699124177,88.9253426749798,51.6730182265637,100,64.8056380168496,40.4511237141127,100,36.8407630042353,37.3313941197244,2.66479567936208,75.0898330630416,45.8938317371945,39.8144435448936,35.1836715078605,23.0065661962489,32.6245778680198,42.5564722585621,100,59.9105966843481,68.7512610856753,89.500398817049,100,-3.91279576218394,43.1833041079523,26.8198433361043,48.087273344242,100,58.4965418994272,73.4315012512212,48.1494260960945,40.0741715911393,45.9641890214898,41.2753132352378,22.5439160307697,36.1645291815507,34.7692513159516,15.2745389667176,48.2531065954255,30.9558482362602,80.1302974946286,45.6191720675045,43.8370704025299,68.7676421784763,71.8805233222786,42.648652201943,48.3034996590304,30.7223934267208,24.6050928066738,59.386588689656,52.872669814805,51.5919948590752,35.610855971838,25.7683055792041,38.8218524965495,29.3639033367466,100,41.1616313059707,43.7350269581757,37.8829037655899,64.0904784355537,100,51.596897386094,55.5021232077576,44.7997669589295,100,100,83.6225193932317,16.8637080435059,42.6339787592633,35.1512525554014,17.8464945150339,86.3914774614235,100,37.753743482078,56.2570636844509,22.9514431507464,88.8452603787027,34.1584371656581,14.8799610755464,73.8402686643518,61.0272803822602,92.6691652615434,27.6385098187042,16.2577173048588,98.7777940925048,100,62.6963197704774,83.0718523077094,42.4206846298179,64.2075530970045,44.45445759183,23.5622322831277,82.9120777187254,30.3222534837583
"6055",61.3030632823871,32.5128795618714,49.6036266469094,30.6726258612441,47.1130797318621,64.9801360782332,66.8003554229011,88.9980977649111,48.67811819326,100,54.287549502687,37.9421514025772,100,37.429481853528,39.8165288239386,2.89361275808424,73.7716888902231,45.6999496397325,39.6856809713967,62.7918299210301,31.2757091690918,32.3415089778238,43.5981391552404,100,55.8965644934999,68.2394263225716,89.6548648475841,100,0.859538726518515,42.7269880868658,26.6632529139404,48.0959144420254,100,56.4037987180065,53.9477787660209,50.9437257258529,40.5692676747101,44.7900452796323,48.1106946437426,22.8163601072013,36.0562197594461,34.1235264365246,15.7151219821214,55.7216374105989,30.1296517185668,75.7738301134896,39.8329526511811,43.8302772186624,68.8088665739457,72.0694350011767,43.9324468504262,61.3395941557584,31.5560643258512,21.5805338848395,51.6921031756625,52.5368832189903,51.3531009071603,38.5919824079306,23.6755593177776,40.2991287092991,28.8925716606104,100,41.0625177554507,46.8692246034692,40.1228851191679,62.4341363076507,100,52.1520190652597,41.3883396639128,50.3792319553193,97.1768407410434,100,83.6500139045672,18.2106784620035,43.7594828952464,29.8611138229397,19.2794722246975,80.9310367806671,100,37.5709850235013,52.3581135542005,23.124823785684,84.8141529803123,34.0445727471452,16.1948098770713,73.8116764165886,48.648093157453,92.6580106713873,26.4576136770561,16.3339645973258,97.4016548687758,57.3845981441092,48.5888635968249,78.7579770854183,42.4212231796369,45.7375883816101,43.0678818040804,22.5275551981784,82.1434040708888,30.2797231144776
"6056",50.1868580000021,27.4057003137815,48.0111277893766,26.8394768643919,47.8877372044722,65.0834397597172,66.7505940043604,90.0338743034878,48.0459555988414,100,61.2387803601493,47.0261853066277,100,36.7190051268105,39.3992581913493,19.5496298796611,74.0241316671732,53.3889864123394,39.6431025416952,58.8594627189954,22.8041004408923,32.2969149486865,42.5218393410627,100,58.545283413935,67.7640481543191,89.6115990051902,100,-8.41671718403781,45.9840207377497,27.3941716170061,48.4188873652215,100,55.7503085215674,56.7592638655204,47.2410001881981,40.2373424319143,44.8427188002179,68.9188546487453,23.1018280710832,36.2729198351006,32.0512707285181,15.4951534582583,57.2208867624322,29.9777955785225,75.0045174788887,39.8812592640293,44.2394524648259,68.816469483421,72.4616935300775,43.0976883388796,65.0985273606945,34.4881407069988,21.9415558439911,49.0879235417299,52.7091254912739,52.0035136464018,46.467411422369,23.9893747993378,38.7795383292192,28.7606695888273,100,41.554373246865,50.321593801127,38.2204618234876,40.0517953497244,100,52.1006832248975,41.6528057939327,55.2269254309923,100,90.380606179787,83.6137159743099,17.7149792826974,46.1018378651494,32.541424923811,16.9275346610878,85.4793241939254,100,37.805222948738,52.2280426177721,22.7425933934704,79.3271528110927,31.7064782104762,14.1523517828583,73.4501948159323,49.8318786865359,92.6507247656743,23.0751300629344,16.2467044938881,98.5697048795434,64.1390367451357,49.6140378610167,80.8727667870339,42.3773203610658,45.536726295854,44.3893941388336,23.1881980348847,83.3880870484409,35.8582676471801
"6057",48.4860154069783,27.0625685592155,55.9066073985286,27.0040685571065,48.2230789311409,64.8503171258884,66.6489185132454,87.7704305016295,48.3442150818597,100,68.2869318623126,39.7425941297295,100,53.37743253531,53.9101989284474,2.87228249078374,67.9503722866331,44.942177121172,39.5250210596391,78.9766957350474,23.0353017178275,33.1594708857946,43.0001184403631,100,50.0693288336681,68.1683030637915,89.5392006490896,100,-5.97088092850844,43.914367543383,24.9657309430313,56.0854669039908,100,58.5178501323946,56.5692066604389,51.1742112740436,42.3474266790854,43.619497584644,59.4205367366511,28.7173118900375,42.2302927278735,43.3028363543916,18.2140599293109,53.9032791876602,30.9010877916945,76.1667545378891,62.1583479704297,44.7303877115312,68.8835571028621,73.7770487086774,46.4491937352594,36.9897146996647,40.8412220216463,23.7250149075377,58.0632535987291,53.7585295161094,46.6534024974598,37.2870709349058,28.3070629177671,40.5880493948592,29.5928212763901,100,42.1616598529785,44.2290839351576,48.7264116890569,33.001466766868,100,49.160251648563,46.1098736732985,46.1277769887874,92.7844979840382,25.761063894063,83.5832161145249,16.3573387719386,50.199106061597,34.7695397112173,17.5236982490582,85.3481931310681,100,37.8211091763055,52.9562175141013,35.7371672160046,88.2268680569957,45.1445240924944,21.236445376116,73.8102536281917,61.6710732163501,87.2171287128532,17.5859992809123,16.3904850293194,95.3706064004856,62.228152008051,55.8969319500243,81.5930225938517,49.9456393180534,63.4134169296821,40.7223635387076,22.5817571639551,84.0501408232181,33.820026592703
"6058",49.5029056580904,26.9207982543798,55.113192865869,27.0563648771103,60.2306792852262,65.0224340102483,66.7964387473043,90.0509274640412,48.2965392699207,100,84.4179176540604,42.900666649027,100,46.9971984657589,42.4080423610849,2.58424190088816,64.6591219601055,49.9427206352871,50.4366465024546,32.8151489461681,24.3113239074673,33.0068666575377,47.9659418119977,56.2481870473975,57.1821860746343,67.5266878777329,89.5904025006778,100,1.77345480808416,45.4720512794347,24.3300618323774,47.1011764192842,100,55.4890348293912,65.6105856780333,47.653572787747,39.9210484446412,43.6582795146076,55.5842139491862,26.1388801142554,39.1280982402849,41.2548852678537,15.9977684598228,54.6182822371826,33.0402604558645,74.508092429972,49.7360909551585,43.6263382833863,68.8224111079201,66.4429066835949,43.1505949056852,44.2432246930325,29.8603860990906,28.4634836694754,58.6109499421261,54.834649277275,56.3126093364361,38.1661078543924,28.9007500676896,48.4374902319203,31.0131354019939,100,45.6871419715459,48.5509875228925,44.7850398053592,28.4791323754878,100,51.1388790184212,57.120031055524,47.5379196809667,100,25.7488113776288,80.4311263829268,17.0319832714007,45.4469749305267,35.2251434690219,16.9410566115096,80.547443190015,100,37.8167499590008,49.8584184559951,33.6329125239427,89.4954864503486,40.8931732043641,28.1492362133667,73.5245431204995,56.4324823207518,92.6758209759865,18.9200779565316,16.3166126005938,95.1767560492528,58.2916524462123,51.2001924254341,83.8054098546856,70.3854119125196,45.9330869398582,42.3874295289957,22.4973816813237,83.8979889463886,35.273691131904
"6059",48.7375241537768,27.0412424574362,47.0484996391305,29.3244778685341,48.0488483245538,64.0752382454265,66.6253981960177,88.3765504771505,53.1562410646359,100,74.8755190352922,39.1461849784313,100,37.1064981298568,37.0842932674511,6.38108930216528,61.837821270508,44.8353168694168,40.4091216321361,33.1289206687909,23.1895882290733,33.9738072423829,58.5031557639328,53.7782315925747,48.2487895347939,68.3556818753243,89.5880696400264,100,-6.37662882633617,43.2868664171947,26.2958102131023,45.8152935072529,100,55.8332733395226,62.6333335621169,51.5222913105033,44.3267927587376,48.8647598867909,40.2730315268757,22.7610003761536,36.6110153381699,33.4476944010011,16.0287097895087,70.6562789172272,32.4062405658923,75.6750611613279,39.9939462250943,43.6871950195716,68.8144090868291,73.0689258272786,41.9354868464911,52.4952033516866,32.3369124416117,21.5967629779503,55.3319629652712,52.6348621750275,48.2659237133398,35.6750624011268,23.7109793464317,39.5744936047268,29.240122878792,100,41.0800485539185,44.0299709728141,38.165440227844,27.5977500757984,100,52.2098662881198,80.1538777295506,44.0986263607163,92.4060699561061,31.8228966848075,83.5857377176505,16.9259922093004,45.3199919688425,31.2838746133786,16.3077576397141,78.5506515434179,100,37.8412687549663,50.0328788347812,22.0820158890854,95.6147933780051,37.4743436035361,30.9147643857134,73.7982397240224,50.3667746101223,92.6569149798207,16.9511929942418,16.4098587385771,97.3815139477599,61.777140531097,53.034319714209,79.4517749095428,41.5830821517412,45.0769246991172,50.8824674819996,22.6748727555251,82.4936247059285,30.097529587522
"6060",51.1378910014274,26.6626285075052,48.989090679923,28.9160330089452,57.2556741615583,63.7814139692459,66.4959725791937,88.3475208874888,49.7873657283314,100,69.9777606363789,38.9236760358607,100,36.3945802025546,37.2529424012076,5.23945389499468,60.5623012129564,58.18285952843,67.7938967458682,32.4905109363574,26.6720474230697,33.5345082307533,42.7958946056091,93.5136436263356,57.9486613852293,68.2294083648654,89.577970921813,100,5.54325696407881,41.9759798386799,24.2609145658047,57.6614553558609,100,55.80997111177,65.0977123722704,28.1329658713939,40.1628316526272,53.1405333324256,40.1909442517788,22.9711054192062,36.7964568598023,33.4479036038918,16.5858777975496,54.8463164197903,30.1731636312268,88.5941337617887,40.9197400241726,44.0083058213713,68.8144012291683,72.5272965335411,49.9815045452528,36.4487404721368,30.0655613721162,25.4649176873903,49.7204516574559,51.5048184080701,28.8713827155759,38.4851413982329,23.8090980225039,44.2094910540841,32.570959279628,100,41.318249758093,43.7666620777652,37.2421899881298,33.8397957508577,100,51.4015520546403,77.0285320071511,51.935190823865,100,25.768548700974,83.665862272851,17.7336044945668,45.5567137305135,29.8609776431461,22.1980983459042,82.7389970072633,100,37.7925469284146,50.0063266197085,30.4526798175424,93.9563304691698,37.2205159711958,25.8975556289432,74.617573668087,49.3963666369722,92.6814692294691,16.9751733581481,16.3372568365543,97.5274962208279,60.2091954508744,49.3603683013726,82.1650069406294,56.6568808543895,44.8654442309784,40.390093267857,22.5606377183513,82.9612455403528,29.985982982084
"6061",49.9522992319916,26.896097694877,48.7379695475456,27.1237717183704,47.1536163878651,64.9298856496857,66.7228977188104,88.6267012824825,47.0233393189428,100,63.2192525515026,38.2771413694219,100,35.9097860237894,49.3371657456975,4.492282835264,60.8192274758324,44.5980096240835,66.9632868724946,35.287522170857,27.340654856064,42.8749441459113,49.8613903055246,53.8631703222952,50.3501606418842,68.4672752151638,89.5792224804844,100,-5.76116236745673,46.6321341030597,24.5100470875324,46.5186268362641,100,55.7187195401069,92.377194091439,51.1729019793216,40.0771655741498,45.3236418224023,40.6610230073368,67.3074475989092,35.9043304398557,34.3107576776311,17.1141887535281,54.4127991764415,29.9647413345164,74.8790104921536,40.8574377099077,44.9298820483546,68.8160777837146,71.5563139904388,51.1750328148481,41.6432346278181,41.3498037623691,21.7397062345512,53.6426235412356,52.5873111907224,29.8667284703924,36.001863618578,23.8330090465324,39.0270328990344,36.1499379358847,100,41.1217754793359,45.7144679683379,37.9850827957863,33.0156304771168,100,51.5497522408572,89.9549963905316,45.1428914221751,93.345992837776,25.7233524502986,83.6403055291964,17.2169598796428,43.6432469302633,30.3218398079683,17.1351401159338,86.1797617123139,100,37.8304888815141,50.3908791265174,22.4310698037036,92.5394295619976,34.1097372788762,14.4758980511829,74.3782956834045,50.3188849588577,93.5401646144005,17.6228609092402,16.2663052689868,95.2005087351348,69.0886045067677,52.6403912571469,82.0443316888442,45.4340611949285,47.2691893472643,40.4678572820624,22.4954566355071,81.6063271466475,30.4539424042823
"6062",48.5217683951251,28.2333648635913,47.8802446835943,27.0095182129869,48.171339844812,65.0304479490829,66.6597635372287,89.8187368992861,51.7881110206317,100,57.2156411417661,43.6948773453365,100,40.1404390046227,47.4353688781216,4.51112708648224,61.4313181261165,59.7172114283057,67.8901816500059,33.3545682543772,23.3807649339369,34.780269928048,43.4397785905241,51.1260401151068,60.4500741641466,68.2381870506773,89.4806332882381,100,-4.85490133726424,48.5860418823326,24.5874852263122,47.3616881991482,100,62.1057558942553,57.7041863067668,47.264789915554,46.6042518960783,43.8188228758432,45.5821818811275,88.4149883884732,36.0687738460292,33.0987287080302,15.7937825482977,54.7040474452187,29.6285917311572,74.5469952126209,40.5712245018882,44.8233597679046,68.8168652684679,71.7607341781807,43.3631161066553,37.6504204868605,41.6577182430595,22.5152989335028,56.3494703036057,54.5151487197566,59.0965881161324,36.842561445535,30.7463281785377,40.2133835501342,28.1094288338029,100,46.1192708024016,43.4117771342492,52.3748408469669,33.5578392223712,100,51.6660838475261,89.8397339681823,45.1715705585835,100,25.7860202251506,83.688329165627,19.3083465180799,44.2385595295663,34.824519107024,16.896108872381,86.384228396225,100,37.8347347715562,53.559668991227,22.3039577112803,87.1978205246005,44.5083981179645,14.1550940362657,74.3269511176394,56.8788327777315,92.7000964949126,17.3048880548242,16.3971551818778,95.3964194463294,62.1645641988563,49.8080529610433,81.7788424478945,53.2608669606432,44.7256700337352,57.3870056311623,22.5436010683954,83.3124435175905,30.1043557413254
"6063",50.0059535532093,31.6253903348137,49.6909438297433,26.5532333052869,48.8011784701637,64.7034647596762,66.7341292792609,89.005187766572,48.2949694666269,100,61.1337878824686,39.1518441182554,100,36.1023072019467,40.1678650841638,12.5477522795703,63.5828278975875,44.6871878725407,67.5980993415324,32.9840583247716,23.7239215488115,32.952592019057,60.9379556539991,55.2686548427582,49.2594079776674,68.3321535963401,89.5330241745099,100,-4.60158864550396,49.2103096663245,25.8970540641576,52.486654880303,100,55.8277409980272,58.3520863194432,53.4189468219999,39.6450813437158,43.8393826122842,45.2752856701287,90.9187692027623,36.6208615503939,45.1920002880348,22.0717965057995,50.9131967758297,41.4539235672561,74.1744992920933,40.0468317929737,43.5510834695064,68.8192153463348,71.7807259261695,42.3874465369899,36.4005963292411,32.1115318466323,23.4399115403994,61.5144621981714,56.8367646896579,56.9173147756675,38.790147189771,23.6685796980303,51.0681303907823,34.2944245505947,100,41.5009101373403,44.0955579275816,38.8917838979618,33.4064944331098,100,52.1459119581963,89.4783362614986,48.5775822732887,98.3607407192495,25.7841908996228,83.6169213368837,16.5684945483505,44.0795244706894,30.4479383388479,15.1262391322643,84.3288312030026,76.7792030730724,37.4530059927321,55.0227308179646,34.1363407911892,74.0299684614067,33.7840990009338,13.8202098191201,73.3476489927181,48.6071589843976,92.7804244755945,17.0413147469752,16.3107920765006,96.2466177275214,76.9295763743504,50.1131818334857,81.6892787270648,45.3039938814962,45.2521714092311,39.983494256992,22.6168563377109,83.1224673172338,30.9085127461459
"6064",51.9606461912554,29.6683925901694,46.8702153849819,26.6657823364219,47.9153500337563,65.3478945231576,66.7388159582279,89.9373891971794,47.5416954393317,100,57.3263003848044,44.7430449505687,100,35.1496518474206,37.663865859039,1.89047794917336,59.4588674506175,53.249703227755,67.7202652340787,32.7299535860978,23.0442241142812,35.9205601826627,43.1058988311116,51.4371737437479,56.9129964832597,68.1884774716325,89.5943151404532,100,-5.19083895746046,52.3767901207471,24.5569091386805,47.6323405918421,100,58.2936226013554,56.6572397702565,48.1809460784387,39.9063451953424,44.601733898801,57.7111372502339,95.3902984371265,35.9729394570386,32.7627107404177,27.562217841646,54.361265454186,29.2866831572267,88.5726446521567,40.1834513946449,43.0641133029426,68.8144425339811,71.7002169970157,43.8139541118558,60.4131941870964,48.2332072187567,23.9049871023054,60.0155902515386,55.9451062708924,56.8582857873083,50.9367525099662,23.3445568654611,39.1578313666748,28.7762345099062,100,41.024169360402,56.5074582011666,38.6807787279901,41.6806259770909,100,50.3056244265948,75.4377506772146,44.4315096594872,100,25.7881437085343,83.6360456262903,16.8398055017987,46.4585213823541,30.7223292243121,17.4510263839682,83.2163397201097,44.2998789163588,37.8385062201095,59.2192935566916,22.5825296781269,94.5123446553238,33.9571429979392,14.1563914400203,73.6280514706925,52.3484626937928,92.6431593580522,18.5093430405061,15.9021823070466,97.8478368662149,92.1198116134493,51.724229346704,83.7087212925706,43.2719498021997,45.7669098686736,41.6191842170693,23.0141701429966,83.0786692440622,30.6926598704745
"6065",50.5569422045957,26.6818398294063,71.2811891643937,26.5825194561335,49.5283550506516,64.2669647590158,66.6242731391048,90.102298215038,49.0508784051372,100,61.239634326724,38.8904525164849,100,36.3203576547224,57.3794906385055,2.1807410853915,65.2341798024181,46.6989537286923,67.7251408229177,34.6182362581621,22.9258028095186,80.468406577044,41.3094623059061,52.1366325516665,52.0245319929678,68.5053001231633,89.6177619901843,100,-2.27040094484452,49.6557925104045,24.5532274155899,53.6378193488545,100,57.064191320836,58.1096498310273,50.9015277904972,40.3395663207144,43.7130559862741,40.4081708640794,96.8050576608735,36.8287685002329,37.2815167608974,28.9437086762607,55.3900668228101,29.3647869590569,74.5630294582676,42.0242506694087,44.1430106629514,68.9272928486402,71.6355795056145,45.4214098825226,36.6247248575913,30.0176702905017,25.8476101369235,63.6207147291171,57.8660307116751,29.7705720437279,35.9240235214883,29.1925941911668,40.2926640718021,29.0340071955282,100,41.5660334777516,44.3928783910701,46.725255310748,27.4941235070033,100,49.7478196760264,43.2015325137853,44.73572516859,95.3060417726805,25.7556683119867,83.4994733754383,17.7753895654201,51.5834727354238,30.5445895499373,19.1195900504829,86.4395614443422,45.5397651732281,37.8564168614757,62.4016382125049,29.5272265923657,97.6699847537443,46.0569285464331,15.3239543558821,73.5996212751763,64.502190260552,92.7371793209628,17.1694854727919,16.3152370125734,98.4191457086494,61.8171737295322,50.3055581210912,80.4958935875443,51.8438960832443,64.1677227908449,41.7969308397454,23.2016213954868,83.2940000038662,29.7055644904752
"6066",49.4130304983758,26.8012824193369,49.074628250636,27.351098547469,48.8453832663641,66.1225013467255,66.6479075991741,90.0506710209812,47.7449633467556,100,60.4034849177622,38.8907198220285,100,46.5592865425093,36.9553903131231,3.47799478223842,66.1200253598457,48.2651020769324,67.7085915535558,36.5112161354008,22.4746360506017,64.2004955557875,42.6356766121395,51.9849284578659,47.2368854888959,68.5717890650838,89.5654134052195,100,-4.70989772398104,49.8154041748344,24.0230894035957,47.0835524773568,100,56.1453972111599,60.6730238987076,47.9901293568863,39.7237363727199,43.9010111997857,40.0316851639006,93.101536770807,38.2932826630829,34.3739169096055,14.9781339097742,55.0915253617358,29.5046291612899,74.2924314412481,54.6708272249037,43.2253493754528,68.8151962231418,72.2547066561541,44.9893001361108,36.7113005452653,31.3840959270727,47.925432574847,67.6783857906878,59.0519108890839,28.7312878814103,37.7850562070618,24.2421184037652,52.1739888173092,33.077095417503,100,47.5621849643781,43.5677960928691,37.188593847545,25.9807182057486,100,52.2052994502916,45.3945545032043,48.0997753326162,100,25.754482939919,83.4954012442567,18.0906214055703,43.8864273161245,31.4888353976372,15.556001418928,77.7345267520671,44.775714156762,37.7930627242427,61.6981490153291,22.0183522151743,89.6180629011567,34.3327786075645,13.8128242868615,73.5029439375564,50.4878774147751,92.705917867716,19.1733433701024,16.3737393664687,97.0100469831842,83.4968734864412,50.8428618666547,81.4032949302584,42.0854314509254,45.0897841612808,40.7254628167869,22.5249076788409,83.1216717924319,30.1501167224535
"6067",49.5099435673652,28.2879736384423,47.641000957351,26.5917135188435,49.256685685294,64.0341743220623,67.1873280557,89.8823777537847,49.3864822961646,100,58.4080291891331,39.0078737738297,100,36.5953351236214,38.464342688398,3.76062139611135,71.5870837332253,46.617597026659,44.6000818110346,32.2750108117085,25.5724531286251,33.4334579188096,61.515272096198,52.0877667927666,49.4491820054834,68.8085007325585,89.6314526400177,100,-3.71448071483317,52.3399104828414,24.0360347745527,47.2616931358117,100,55.8766111582283,61.0439744127135,50.4679010705463,44.0865245543596,44.290113718303,40.8625488778219,84.8323312142692,36.76410207157,34.3120575292396,18.027927198542,54.9347072561784,36.5458204451203,75.2333014666188,39.9989355177625,43.2516372969257,68.8131261648618,66.4890013332828,46.759664920565,41.447959883658,29.9111758480471,52.958988571973,63.5567406132307,66.7822851162971,29.1503957886696,37.4025109944769,25.35351854308,39.60164959611,29.8362874750887,100,40.9597114393008,43.3784198922226,38.65600082681,26.8678065893441,100,44.8235605799965,38.3707217892864,45.2364309961152,92.9965848920699,31.5850479583836,83.6052373124044,19.3843020788573,42.0973779096482,30.387049691366,15.8456056367183,78.3701306704869,44.4175314976304,37.9800108087961,64.0433423462856,22.3161471581498,97.6422110730885,36.0627019523846,13.6638807038786,75.1924169105112,47.2776714476011,92.6450113871965,19.8447096509068,16.4215485765641,96.7467052561019,91.978302487749,50.7859887365335,82.4354683909808,43.5760684931175,45.1546712111348,47.5687987192958,22.486261752848,85.0379952829542,31.034799395904
"6068",53.2515234404535,26.8254166678136,48.6707220290544,30.7229879370236,57.931336112719,63.8805388815674,66.6616463394291,87.9613265263206,51.768717460035,100,62.4168572178928,39.177157977569,100,36.9797176862636,39.0041334444547,5.14119130961102,72.2040744449484,45.6787893114337,38.5085959643601,43.3329200210391,25.0260299814068,37.5085829470369,44.0411954506214,51.5378797865156,56.4720108177981,66.0391278565923,89.5461747987869,100,1.5147600431949,51.0643153800957,25.9025135560978,46.0131264437163,100,55.9903643527872,55.5473724585693,49.2570246123072,40.0063746957994,53.9268850840731,40.0740386503966,74.1564440085564,36.1252682282456,34.0201671686492,15.0782598638051,53.9945816724441,29.5595961928955,73.484799577534,40.0608776139823,42.970972213466,68.780210060273,72.7586241222531,52.839305528185,36.3426233637447,31.9306467541895,38.9239854704462,63.0876870983773,65.8636325708595,29.3528757541536,52.8919456080231,23.7055074453281,40.2867389711001,31.8810217796092,100,41.2507868102357,44.333449660974,36.8707283524984,32.1349530347023,100,52.1305580877193,37.6808287721277,44.4577121517716,100,26.1549481735024,83.5857890908909,17.1491316399206,43.7030132035432,37.9308233756582,19.9415923902007,87.7094496709738,43.926925870167,37.9023955852412,66.0005525325589,23.9350583128032,94.9013644506004,33.9876606305017,14.3057554933556,73.7350240653286,47.0331357420735,92.6578279806074,17.851621102414,16.2912815043629,98.3208296858515,67.348185359649,48.4539571036586,79.7943712072289,42.8628346820856,47.3154500771522,42.3383581170303,22.5209806163222,83.9075509646697,30.5771150739198
"6069",57.8447247063212,26.9713096981608,47.1243604246715,26.7892845421072,50.3664228509082,64.029452054433,66.6914335485467,89.9880162636333,52.3689161644652,100,61.768638751307,37.9442684947838,100,36.4010858096232,38.7879695444563,2.63563780199521,70.5432951077496,50.4812637150197,39.9018088645053,33.3242063034784,28.7351334767646,33.9997221188487,44.1494241049069,51.1288697102828,54.426409030079,68.639720031493,89.5939802770315,100,-6.08594829214754,51.4951178297651,24.3870109676285,47.220940946032,100,57.2436570022469,55.1737817830321,54.2521526282207,40.528373341675,47.0931843496023,40.7578231695323,81.6868807644872,36.01077202474,34.3633480595775,14.7055148336028,55.0764588567553,29.5585173145311,72.3400380685234,41.7941467255666,44.6191695390112,68.8231922348212,72.0527659801812,50.0409057892293,43.027468867643,29.4526862525525,35.1258995691383,71.4075848972978,63.342376233872,30.6271577327942,38.1716708063875,23.3980951265004,39.2369362366705,29.3884114575167,100,41.640725458768,43.1913308026964,36.7134833296684,27.2544354352398,100,49.3878945785248,40.0668453555289,45.2122789949733,96.0922705604597,25.8209821379267,83.6230458096236,19.6162466711843,43.0588408147327,30.6123271954081,19.2272601804279,81.9399406420641,45.6975864078848,37.8174362485843,66.4956623597192,22.3281646632226,95.1078594924031,32.8370320601657,16.5826360993657,75.0485444740516,48.796452680515,93.4914755921471,17.6133907546516,16.3296645315717,97.8277539687696,62.821577313429,48.9208450503639,83.1523030053551,42.4850486754063,46.2905297494573,40.3197380037281,22.7314963224285,84.3703425286256,30.5015489044416
"6070",51.1749905012679,27.1197302922043,49.3958499159635,26.4733160404271,47.7400398093778,63.9724460805539,66.7853895627744,89.277887523457,52.4526930611234,100,56.1072362962921,38.9718766929059,100,37.2459227202509,37.7748684718171,6.31675571800244,74.1896428060045,45.9763014355606,38.7859038887834,33.5268428660588,22.6196962836173,36.5443419457043,43.1730369259303,81.9900698715367,61.0212109457963,68.4207949325583,89.6546316775641,100,-4.96477615550025,49.0356769981844,24.434254131724,45.5501783636785,100,55.8609241863433,54.683399433058,56.0529594638188,39.5788073064074,52.6186671515308,48.2137891084119,92.0901430442974,35.9652411342533,33.5474092913587,14.9369444712962,54.4556092187595,30.8032634934668,88.557882029482,82.0573182966134,44.0063804425927,68.8232021033502,72.1435470430568,52.7412151896336,38.3101906719846,30.2527023064256,23.218500496216,76.370935450329,65.5921218740224,28.7406863448264,47.7251098591053,23.6920797886688,40.069876326768,28.8727999634025,100,41.8307116717093,43.1653375411125,38.0150383990509,25.8704861744458,100,50.4164116588544,62.3246197823012,54.7206406782418,100,27.8425497606201,83.5733344016594,16.9476889039157,50.3374209938355,33.7995515787629,17.3807005761155,81.3011745725845,81.4670477716812,37.8129053617971,66.9064920648497,22.6367011050231,98.9858512762685,34.3595682027991,13.7280021716248,74.3203897356389,52.3444179809133,92.5552189662225,17.4783661865781,16.317235189126,96.0440232968173,54.4287658118091,49.1164642689624,85.7525451790158,43.5341996079339,44.841533933541,42.2237526105976,22.5314801935521,82.8807432661408,30.5984032439711
"6071",51.3792504989505,31.3805760765753,47.304184418132,26.6307015659731,48.1025733951432,89.3674958790049,66.6435489858035,89.0886719028122,49.8511517884512,100,69.2142937526742,38.5472142600668,100,36.5294154762407,37.6539766588206,2.78331496258474,71.6426457855026,45.6836724742187,38.7041473111978,38.6233431711857,22.9163779289232,35.1299940561579,42.937226926901,100,36.7722152705892,68.3635597316801,89.5689410087408,100,-4.86817808043154,52.2883918701404,26.1699767107577,46.72795842617,100,55.6501327479589,55.5531181514804,50.8916519412864,39.5203191166071,47.0484256065855,45.5189514354602,56.6941988085184,36.0554161362054,33.6715193531652,15.3426647308437,47.1363549856324,29.9176348953206,74.0433198983639,89.9344873774779,44.312763274038,68.8304167106624,69.8860904824497,52.0078269221407,38.0254833749209,30.4653444706588,22.6954730830704,64.6457325792739,66.4934148773308,29.0019287937398,75.1338874014129,23.6116558621632,39.3586455338203,37.5322167397389,100,41.6584479576953,44.5081167455961,36.9292926098699,27.7322538873896,100,51.7839985328138,49.4575479318685,54.7269762305198,93.9327016570007,25.7499107087464,83.5108941465304,17.1303060739718,66.866367828283,34.6409787873676,41.5710210005871,83.3794792670689,79.4739235825942,36.7998482101331,73.2057763378592,23.4852620401838,80.812856600539,32.5891698296776,16.6795678820929,74.335374294424,51.6495677828628,92.5140000441256,21.7809173654398,16.3746463142205,99.4194050607779,57.3331704978952,49.5576150006043,84.4277107459952,41.5449367100256,45.1386489456429,40.6753748135151,22.5229479060458,82.1820233683314,30.8024429374697
"6072",59.8226421713177,32.9137593678484,49.3601777323533,27.0955462013121,48.7341904627995,100,66.6820081168399,89.2863359488013,49.6541182613415,100,53.9327446671034,43.6444600982768,100,37.9815191789737,37.4540201470388,1.91748845714401,70.8792606067101,50.8734470924701,40.0789435260206,33.502396996014,22.6504855165316,35.2349376522238,41.1874566111583,96.4918672046823,56.2759977610151,68.7190255436128,89.5911130461597,100,-4.94473584417218,52.3651884263477,24.4017697257638,46.861580595689,100,59.6558458487107,57.4821477768573,51.3022568487017,39.4696732594056,47.4570921723422,53.8084145618277,24.2052508821439,36.1730061190564,33.9941784139209,26.7963705891948,55.7008580270828,31.6344498314898,73.665821563439,100,43.9640126065677,68.8248700447887,71.9000032756379,63.9562355707831,38.5407336867215,35.8163245129876,22.9377835206124,71.3919742955871,65.5833152655674,56.625327956726,46.6008361262824,24.5378711361245,43.245940322164,35.938032671575,100,41.6585158285202,49.6903480531025,36.9930671912962,35.4589510655524,100,51.6822984344182,38.8728764810657,53.717556042592,100,25.7541109112744,83.6668025811578,16.8677261387669,45.3695589585096,31.4707999834612,45.8955311644103,85.0222001615017,60.8045439935768,37.821328992514,74.4715956993832,23.4313468949803,84.7870432958206,31.6514647415983,13.8509160128895,74.5792418323616,49.1443825724921,92.5734130548748,18.4807378749569,16.3863974686288,98.6970521964389,58.2927057755432,64.7671073125459,84.8316666635152,43.1681155843769,45.6657723891424,49.5733444997756,22.5612049672083,84.5708370095797,29.9530846140625
"6073",52.1278482914728,29.0299643368138,64.7409870278453,35.6723602565426,50.8741675024439,100,66.439945618813,88.6141414919247,48.7369421740611,100,72.0249615684318,39.1863726785839,100,36.2471164874609,54.7787695770262,2.0585271864179,71.2588709102412,45.6637649814464,40.5937407312818,37.2871857295931,36.0544347174199,36.3867419418068,41.1984758268662,96.8921502831681,56.8488343609904,69.0604676980395,89.5953846372908,100,-5.47744552934933,49.2122685801688,24.9364619568082,58.8993746695904,100,56.1687794789558,54.3726829816131,51.974602106713,39.938803215689,53.7562456094473,59.4935594094005,22.9921495844897,36.5906333043545,41.5854463196343,14.5022212725543,56.6505345857439,32.1742484590473,88.6026021148384,50.0684419331551,44.0702021535764,68.8113217202151,71.4764007608475,49.3258113899059,36.7756150965576,45.2168715936542,23.5873965637711,62.0927682344885,63.8923396445517,28.7928485235685,35.6563156002884,27.6357849713098,41.9999536332748,44.1523839168209,100,41.3524817294523,43.9976187001629,51.6598923582956,28.7674413287014,100,49.162007593805,42.2594573159137,45.6577128442406,100,25.7652264434806,83.6575961483023,17.0761707980949,51.9446288037322,30.565334677034,34.3806403917153,87.6034007075403,42.5343050622559,37.7814408301466,73.4712046888123,35.5735007237702,92.5622002853943,41.5811307944046,13.6162800022155,76.3266933619344,81.0838155059397,92.6684964459086,25.795456241064,16.4293818781783,96.8631249379434,87.5909566139761,49.517209087297,81.5153718904259,51.4114458081831,54.678941046517,40.2164523751997,23.285034150157,81.9018163313912,29.2051326272483
"6074",51.3060004898615,29.6720657667575,49.4075941659609,37.0534406488244,50.0884439921934,100,66.7239319606196,90.0562497004238,55.9784387743121,100,88.8847576446736,37.8723672272306,100,46.6177868008277,36.7771324856924,2.80184376251541,70.2539548099863,44.487262935676,54.6781427472023,37.7948554611853,34.7382593555249,32.2467277503652,43.5560854565885,100,55.8363910752143,68.66363013662,89.6040997437527,100,-5.83927313086175,47.8405280391337,24.3521155261396,46.5386051366764,100,56.2816613498465,62.1893041781322,51.3002287975033,39.5688791352821,47.5599267183113,70.0458480137126,23.0553556832693,36.9969073201237,33.2427717074091,16.0885640589557,73.6023377401048,29.8790751639484,77.684986714288,39.1552201080218,44.1850740763686,68.9522835932504,71.4865862804609,48.7557455418081,44.7035114266756,29.9361571658229,23.6344194512468,73.2512496363163,61.7861768024152,29.5668466589378,38.5539558354466,25.8583499004795,52.3977503888658,35.006482839923,100,44.3065793634854,44.3927122144127,40.8705242289585,26.7832483610305,100,51.3345326016748,48.2909461915094,45.2623264367796,100,28.09516384715,83.6210768788556,17.0464555047527,44.575012488408,29.305905659685,17.5541304862987,80.6344669681842,53.0671384141846,37.786475819806,71.5324587064916,32.2057615527162,86.8582129345839,32.5931469229201,13.1672158137282,73.8583971477725,53.4749844787162,92.6722677070764,17.4236394921445,16.4831486073459,98.0067152169257,61.8861382506897,50.2505850253417,87.0456950676232,41.9318568789789,44.6203195184913,58.8884763698377,22.5065810170903,84.9327537103551,29.3951934761252
"6075",53.4131408276885,27.9702551131304,47.3827650571852,26.5407104234832,47.9416105626839,100,66.7728353049165,90.0580530352035,48.3156823003173,100,85.3133767470001,39.1569388596637,100,44.3301061417972,38.4346460018512,15.9816880660381,69.7419924431247,46.2348663155996,67.7552073477403,34.0183168322211,22.6795327610595,34.2735804942703,64.3729204265207,52.7618932328493,61.4168469144593,68.8774376295738,89.6190245495146,100,-5.95951784830117,47.8397249480016,29.6532190113905,48.7033308414074,100,56.3605673984392,66.7734951487027,48.6557066713837,40.7605983582216,46.0583215173754,40.9855403808424,23.2882162912534,36.2342106592283,34.9765311934894,15.6401545383414,62.2626529246765,34.3687603942595,71.7109082196812,47.1228033585044,44.9559344853259,68.821894223624,71.91198266064,51.3239985957252,43.353616700198,29.7400398236996,24.0208040647763,64.877656111807,59.0475358910293,29.3335099010168,38.5720676153202,23.7008077386264,42.6279428218893,33.7482317402477,100,41.0779262332173,53.7204291053191,39.6491734577377,26.6750601113637,100,51.7602391918652,59.446740399025,48.2467475531428,100,31.44249977524,83.6201912974702,17.5135089393926,44.0546863995736,29.8972139103519,17.7446452467656,86.7702746487611,65.0696070862465,37.8597791466929,68.8118060375054,23.6488292143171,79.1303172965799,34.2415168642258,19.9999495005539,74.2617830014518,48.6874525625723,92.7449533071175,18.2241662983265,16.441265812443,95.1045183453579,100,53.230127719972,86.6785406531088,50.7368845260928,45.71281320524,55.3062599096256,22.5399103295473,84.0344418849157,29.8159488424664
"6076",74.7312104307099,30.5988775992827,47.30930428174,26.3254739035829,56.3169073476174,100,66.5872390504432,90.0550540595916,49.846370752107,100,70.3073642429108,39.4019243908761,100,59.7500635509875,39.2360631884518,13.6449471093908,69.1137447162768,44.8518525182256,65.1263095783186,34.5395842382355,23.2393427794665,32.939663736655,41.4449384656895,53.4348169206719,49.1938985457937,68.3907943772664,89.5452420465624,100,8.79721663000306,48.6377986847379,25.2961454098442,47.6088990219467,100,56.5565861122464,57.7074343534219,30.8421818357423,39.4883675542996,52.0302581313776,40.7326869997956,22.9112955508251,36.1487380524267,33.5031507653041,15.2736951874197,54.9143844124076,34.4241374527061,73.3613423218176,40.158324972478,44.3178797943529,68.6136485066497,71.8594312846357,43.2815147903179,36.4597557764983,30.2535306842309,29.3594425388165,73.7618269267267,58.4851281223751,56.6591072972885,35.7074605498059,23.4607111778898,39.225348273473,31.6593636375545,100,41.5872792900999,44.4598645001177,38.4414190245129,28.4842606186121,100,50.509438509241,38.1271861798415,44.3732654160166,90.3320176055592,31.1516268397029,83.646461120697,17.6317766835556,42.5479384224688,29.1688743323463,18.61594842115,81.5947929174812,45.1298843223322,37.8297550085642,63.2504093656993,23.5394198786625,92.9458355618887,34.900486689755,13.4555875376771,76.950747460942,47.4004934950985,92.6111487236355,17.7434536822755,16.4570896121148,99.2754057828623,95.1619311935103,48.7860899527823,77.2442898450854,42.5557710210019,47.8665666134836,41.1201585139042,22.5139509886764,83.6681543341124,29.5727140694038
"6077",50.6403059754031,28.2798745688717,49.6923780377257,26.6613583853391,50.2146802597264,100,66.7193718014367,90.0379847832376,49.8360194112489,100,55.0027165673306,39.2941787345676,100,59.9697920536341,37.8571383201044,4.02651042988321,69.441691808892,45.7726623327513,62.7674320384989,33.6765404048457,23.1757968474023,32.2811423280069,51.921752577336,51.0694770393578,56.0945645440717,67.9473823106834,89.6162295978939,100,-6.04497690989445,45.178752422488,24.5009226175517,46.7667435664333,100,56.4692915410311,91.601145962114,48.4328571725127,40.3768279413705,54.1776214513289,41.7193073224566,22.8168357346372,36.6235277911486,38.8642204040418,16.1805635542948,54.6854094640774,29.6308546480821,72.3357755170099,49.3826989859288,45.1619223129821,68.838199308638,71.6895548674746,45.4713191620083,49.0070899324416,29.9668692113204,30.5933327385159,72.1549229247546,57.5558985325206,39.5583383763747,38.0500468380995,23.6783677949477,40.1328070822634,28.2385235212296,100,41.0081112823475,52.8407800728297,37.0928832001607,26.7225089343927,100,44.8084909508454,40.6814247694219,44.6125827592474,100,66.6142333595063,83.5625870905994,17.9481095298725,44.2225085856211,35.5122779655145,20.408360120093,85.5293792905474,43.9161393906951,37.8313816163521,58.7663187053786,22.727812397468,90.1903048448716,32.3052988890288,13.5884779220709,74.4440612223496,46.7858907240972,92.6200603920482,18.1134372350146,16.2976963962949,96.3778306442572,90.4328526990131,55.61711395468,86.9901178150364,42.9267048550083,45.3396305441599,43.4671101728252,22.5162803155967,83.06895845465,29.3126727668836
"6078",50.689661699096,33.1387757044039,47.3141832840653,26.3764940568781,79.4257648031025,100,66.7231399608073,90.0603773254922,50.5088000181141,100,58.5200990578467,39.0899293914298,100,38.3528492030807,38.9372494028188,3.96091103389574,69.8754361765161,45.6054007185612,63.4486479660302,33.1746681370776,22.6396951850021,32.2842840137762,42.4969426648305,52.4682747437641,58.4257088672742,68.3586693848872,89.6172751151394,100,-7.34219402104079,43.8286175691476,26.9957866884087,47.1665496861958,100,56.1204073630636,91.6850759519101,51.8667479510646,40.681162171915,48.7509624167113,43.8950783637774,22.6723723313618,36.0874940104464,32.7135983746209,15.7691165622325,55.2493325368106,28.8980779077375,72.4232014604414,39.5054853275624,45.0913456519981,68.7626956608485,71.6061083514919,41.2256495919167,36.6336046332603,32.2760900367112,22.5658835197535,58.9114927620805,61.3929899787396,29.5527127247602,36.6824440027632,25.0219358427438,39.1318816796224,28.4490251016052,100,41.016528592063,44.2202591135393,38.3144473449898,28.6571651181686,100,42.9016803733317,57.3362188429287,44.0844881844437,86.0704401654185,100,83.6505604095052,17.7497633932616,42.3589248643242,37.8083862636831,28.6180752071456,87.7207786328426,61.3333485443981,37.8952616857687,55.5776537663466,22.204030998433,87.9736751763485,33.704015260216,21.6596778364757,74.3169813024948,49.2230766445838,92.3543356936667,17.7124764425594,13.7912249573473,97.1920841790463,93.9337246098658,65.6767833579156,87.096491905359,42.2386746600134,44.4845703094034,44.0538537714741,26.3896620194413,85.8886353138575,29.0724071175106
"6079",61.067211308999,31.1276518245064,48.5611108535719,27.0585304217419,74.5765197593535,100,66.5412176988715,89.0557883062556,47.0408458819462,100,55.2666614832492,39.1189782078607,100,37.3922486590732,38.6240217500675,6.00129087557842,68.1257078956711,45.8065742153433,62.5649563170619,63.1486448946515,22.5080944456388,32.3503247768873,40.9634744537256,51.1683965258209,45.6549242594681,68.4135764727789,89.5050051436617,100,-5.13292785355534,42.2142957144969,24.4284680991415,47.1620812972393,100,58.0157293792341,92.2451715698437,63.6480013424475,40.5422624620353,44.4367690205191,40.9572939773955,31.5320687507098,43.7670100507684,34.2186242886293,19.438861121349,55.6307523156424,29.4837387514487,74.9788364043468,40.2459340359306,45.0977752115901,68.7440151728475,66.5140834984958,47.9128276929732,44.3044473780126,30.1799803537834,26.9477264219433,57.8458981090283,58.4271326169527,28.2463259989503,37.6578686931741,38.0915899370648,41.0166655410008,28.9424196284054,100,41.3241429279928,50.9161464727938,55.5243808983529,26.9028806559211,100,51.4694099878801,38.7763531904252,46.716995059929,100,100,83.5068920867162,20.9133343956835,42.6293281739955,37.4669177733493,28.1945002205047,80.1522079118261,45.4468453956254,37.6085887210634,54.4716065980091,22.7603119781967,86.617913317306,31.7295905583679,14.3794926741788,73.7337308757178,61.8634000818891,92.7125742640343,17.1981872734438,16.3356716706499,99.0737151668693,100,49.0892621254103,87.0615176419858,42.4582344868491,49.6667204740241,40.6793484269682,22.599445338926,82.4056736704825,29.4000348167558
"6080",53.9647783063586,28.0100918947508,47.1842760675411,27.5611704219561,55.9816426858837,100,66.7799968737728,88.0670782193708,48.144193785643,100,60.7674838865806,46.2028980047902,100,37.8739646969057,40.4643215263289,3.66182191945246,69.6084332992197,49.0617390184994,59.6228042069637,58.2721560880936,22.8272709107506,34.6680627676726,42.8327018833457,51.4626191923866,54.8678572879701,66.1661545926525,89.6004731659028,100,-6.26552524828238,45.4151337081065,24.9929276910806,47.7197781376858,100,55.8917883421395,92.4353685840251,52.3770474411135,40.6078759209736,44.3116256956296,44.8601433725454,22.9834107298229,35.8471106396614,38.515818674661,15.587517218962,55.5683228127949,29.7514224510418,72.4892475911368,50.3942140919997,43.9873925129583,68.8116369803825,71.8179055771944,42.1994375279787,38.9280731816415,32.3218982818226,26.1922405417648,63.845543615192,60.2199393685394,29.1570589343966,44.1870202280697,43.5631151236495,38.8777248459877,29.2319778147693,100,41.1189530340891,63.8124961137514,39.8197534216867,51.5425125139477,100,51.8922116542506,88.7882138187397,44.1551918482831,97.2333618360214,100,83.6775324229711,17.7389223579398,43.2009583219161,30.5821938227015,24.0329614220491,79.1660121252669,43.8891003080054,37.8487316849485,53.1772549083037,30.9490633744326,90.3762471898346,33.7227623152163,14.4494552105299,74.1307740287232,55.6630268322985,92.6395503380109,17.2729540123948,16.4064695221108,98.4854245509305,100,50.5258053692649,86.8754486791521,42.0551972767092,44.6371656307943,41.0458116131837,22.5039372746463,84.0952147559677,28.1658090822838
"6081",49.8559556087781,27.8680382077986,52.8553581803542,26.8217507973575,50.2648043498066,100,66.7761411872907,88.3469079237239,47.7849880493573,100,70.2608762747576,40.1550336175327,100,37.5851900022815,46.8161130774522,3.90476608005332,66.2385902063228,44.8014223825776,61.4939854211873,79.3104887818915,22.59691709416,32.7691742767961,41.411888039741,52.7378027710967,56.6824626900078,68.7863762108414,89.5841017617384,100,-6.65330868980039,45.4473249181048,27.7773027986506,50.8476393707767,100,56.0755984933296,93.182430080723,43.0384371146115,39.6149973777348,45.7290140872599,40.1347167633859,22.9052045448931,36.1814541130273,32.1762947826426,15.7126944918735,53.6606411103499,29.6914510219921,73.3070129520375,41.5544898918452,43.5405327189231,68.8544691449403,71.644177007081,39.5164713027181,38.2556264912373,36.5031860756094,22.7614083160387,57.5977694794415,64.5095142535926,29.3644025651538,35.488661418485,23.4189054299553,39.1349111429544,28.7485018349578,100,41.2132982692487,65.1241827184906,50.8172128074843,35.318916764897,100,50.8190613616242,38.0138664243902,44.2267670760084,100,100,83.6594832784996,17.6085926927673,51.1603812712973,31.477663964481,23.5789977769798,86.4524275447757,43.5983381133403,37.8163488188679,52.3224128636982,41.1612144436373,93.0895463974554,40.8298979363344,14.378314063775,73.8724341137727,77.9429416501739,92.6670222347399,17.4397698125095,16.3279582445113,95.5219235765042,100,54.2449976973464,87.1116711938608,50.5834730992364,52.5852953352464,41.217288255534,22.5413565795863,83.546750187414,28.9224691145994
"6082",52.2172082082457,27.5397565249741,54.9274949160312,26.3533746719,56.4398331615912,100,66.6319598145168,90.1047171371407,51.3640994889308,100,79.0994652665892,39.6482935277541,100,39.9001300590016,73.4526194210084,4.03495355255674,63.7883712629316,50.5636772112653,44.42719040226,33.2830445924215,22.4700942839747,86.9035234855484,48.1721873748501,52.1471837876246,56.7139263533407,68.4483689707098,89.4828767069126,99.7908080858546,3.37720985070661,41.9610143788208,24.1094963362143,45.7778805345762,100,56.2822119889494,91.2628650648012,33.5885393578263,42.1490569680758,45.3982372618702,40.3676896632202,23.1445578151198,46.697571724794,37.2260445312291,15.9580424248836,55.2009607289084,28.8357378189926,88.5376171357607,54.8207461575355,45.3622343070594,68.8080537788069,71.8883653875069,42.4285691271938,45.5353272103533,30.0525649843648,27.8015437770707,53.4729411344838,64.7032681483825,28.2391083072774,46.3197166796343,27.6178265528865,41.8063842599478,32.5661388642757,100,45.7765773700865,64.9724220122501,42.7150959880432,29.3909243436732,100,49.5536959677744,38.7834710386012,47.6466349955905,94.3571337192651,100,83.6412724906821,20.2443609247136,44.9425957512578,36.6107588340893,18.4717765186978,86.4725847828945,65.2602857739552,37.8131927795112,49.7714146102098,31.2029559896991,100,45.2983832348859,13.4588576910814,73.8097413576119,76.1592913124935,92.6143004570492,17.6133489223085,16.4300873868741,95.2427513902516,60.9085702099686,56.131046760309,82.7531712068396,47.5553764063433,47.7746105290949,41.2170788367157,24.878093386798,83.2565874674422,29.3046853471316
"6083",57.7925390547499,27.4181163210835,49.1254054204019,26.9610432340425,47.6999546865973,100,66.6214156353974,88.9583257887152,48.9920866541011,100,76.4671607150038,38.0901614959897,100,38.0061533254181,39.7333733646922,4.32453242510725,61.8752402377085,45.525729536461,40.3377136764533,33.0243626532815,24.2294915979076,82.1328399854822,42.7125443494913,57.1815140414251,48.5138133467071,68.6558540790646,89.5924189518621,100,-6.98337347212907,42.8172794658378,23.9404454674873,46.5436131516755,100,56.1979011852685,56.7001096190364,52.7108654469784,43.6540008168621,44.0253632084144,41.1916315265015,23.2668369921358,35.7739531485349,36.5769223894157,15.7143647000489,53.6973955326456,29.2124748576765,73.9281125626619,72.2504030669614,43.6655063400933,68.8556601450341,71.6868848896501,41.6804720986066,42.1768400615351,32.3521173253437,26.1505955346734,47.7281620359007,60.6197161193456,29.2256311571476,38.2208518747504,24.7012929016109,41.5610879008651,29.3871150107372,100,41.1112385589969,53.1494612038581,36.9313800297309,27.9866444789408,100,51.9712159481269,43.2963737651025,45.3208966079083,100,100,83.538447389735,17.510222743588,42.6243073983725,30.6738548385692,17.8999243206406,80.0965552314711,43.3080754013919,37.8227577192901,50.6491762041311,30.1828706754744,93.5622996504324,31.9546754438574,13.3698366341638,74.2605584314159,53.7316127800165,92.5516400485506,17.166008294104,16.3663903818135,95.9507486770927,77.3370455540256,50.2814667528669,85.6323826590139,42.3052183855922,46.4354140426678,65.3649613774321,22.6877419740112,82.6307921037316,29.5376502331036
"6084",53.4396783254848,27.4245217361829,47.1559843944124,26.2317289242917,48.6761876439066,100,66.6533871881579,89.5683709998109,49.6061705316177,100,88.3566139649408,38.8494802648058,100,38.9428137215116,37.7707431948377,3.65633078141165,59.6594502357286,46.0789479556066,40.0267925841004,33.1087975100131,22.6704150472338,59.9745783558798,40.9975787046214,52.1142666209065,55.2250217990577,68.251984928913,89.5752497475826,100,-4.23228898501619,42.3666231853939,24.8519120722208,47.8033582036594,100,56.5734222022363,56.9448656585015,40.8355045131109,39.9854225339222,46.5143564153481,40.4344533836096,22.6959341469397,36.0033466687922,36.2526226676204,14.7677159270636,54.5092465902986,30.6106019895532,74.5062527033603,70.5487252282583,43.6600716689619,68.693987330687,71.5249123583434,43.0940821423808,38.7154905480244,30.3747291117345,23.3159279145937,52.2736439448472,58.820136385934,28.9169789881338,38.7404713414011,23.5250314513467,38.9790848924254,28.8518695951191,100,41.0438520222854,45.4261649011226,37.4842654457693,27.7321828381574,100,51.4149657637388,38.7654296917223,44.6444882205485,95.9554968428411,100,83.4012693948889,27.1249998867775,42.8751201416194,30.2866907582208,14.560241194268,78.8897404693067,44.9197780272455,37.8489774564835,49.7671071252623,22.5359940511916,93.1115137864565,33.8090019023744,14.1259688629935,74.1234952236009,47.9901781040579,92.8986815391268,18.9200480969818,16.3719529773899,97.6103524494698,61.935198215391,49.6867698090859,78.9643747228428,43.2425054997295,44.8512747362336,40.9458804603767,22.5532879403749,84.5260377763427,30.2194526033842
"6085",57.3804376587951,27.3760167562874,48.7785408642422,26.5071748260197,48.714527673537,100,66.454078755716,89.7963975479816,49.1771768553214,100,71.8591301448363,39.2603969892675,100,39.9073095866504,39.5712540562859,4.71985010709255,60.3115272440623,45.5612005491076,40.1792592524377,37.1128124798123,23.055119448964,78.0689087741636,43.26248776804,51.8215467724642,56.9308265778118,68.1262473325048,89.6343440186531,100,-4.98903814828764,42.4433692923708,23.8696535947755,48.9845995675247,100,56.24656145334,58.2914670202865,52.2708302111773,43.046935695753,43.9273067183199,44.3185992166998,22.9124638783704,35.9086613851215,35.3524777165252,15.4465392353977,54.7005887656879,28.9172046131141,73.4733201449974,68.3578316549137,44.3321391603075,68.7147885733515,72.1073948947279,42.5060924557118,36.465436808917,29.430040906119,22.5171129423447,52.7205590769153,59.1559412933734,28.0109654573409,35.9653303254105,23.4109295863612,40.3098894727991,28.4908584042086,100,41.2107200044952,45.6116504989446,37.2310022866989,27.2430699706708,100,51.3769993916491,38.4736823917771,60.4277559450263,100,100,83.1127028757262,27.6599007879419,44.1550427648675,33.4510554934213,14.9146847975268,87.3215049247464,43.5199074597562,37.9132765474785,49.6101744194863,24.0297588804942,97.7959206313233,34.3277355560822,13.8756470436951,75.0779982948234,49.4761480820618,92.9343780013684,17.178626213173,16.2731295057419,95.5166846799852,63.498378824201,49.8716094927019,80.5480790608881,43.0732127805875,45.9846191805907,41.6844328699794,22.5053903248091,82.7792391220182,32.1412531183774
"6086",55.3626732378513,27.5511090867252,47.0157973761953,26.8731341281191,47.5559112166971,100,66.6372020023301,90.0558991994175,48.4224290718312,100,56.3029491590458,47.5917813995972,100,35.6273800444355,39.0146229565852,4.18740518299268,58.2991486100083,46.0932570215607,38.5276365556995,44.226252124325,22.8962129765122,59.8945099317116,41.6046971790098,51.8936200788327,76.1078459734453,68.3049310972256,89.4812573619845,100,-5.51192801930986,45.5457789515333,24.6394792710755,48.0061729658093,100,56.1701145593205,54.2643891213108,38.7183210053011,45.7835613137671,44.482316010451,40.7348779736017,24.0480711361756,44.0741774019527,34.8640121493313,23.767966222429,54.2719532786928,30.7049944663401,79.5188139593035,45.6234686107506,45.1267017947961,68.8277996810905,72.1715388300737,42.6350645967715,36.4044573835099,31.1217800886639,23.1312815019629,52.4395660408777,61.3068545233998,29.2550538037187,41.414085871484,24.0724261767031,38.9318839021348,34.782286374782,100,47.3836832249281,44.7974850949025,36.4730718717843,27.5105799961137,100,51.8193266195611,42.358568224284,58.894765944096,91.6476671259083,100,83.6475166389584,18.9552011842423,53.815305615259,37.1583745676984,20.8594400319991,87.6288044690621,47.7108550736875,37.8504776089477,54.1834105708831,23.3547155663011,84.3458657753147,49.4207052703448,13.8460123473073,74.0187130996012,49.7583547765124,92.7304838712104,17.5759289141757,16.3236744687153,95.8200110991928,61.2018194864868,49.4517932455904,82.6875382897568,44.4052058019022,55.2103630092356,40.7738750093563,22.5294465300576,84.0488644075335,30.8966365464077
"6087",57.575044753334,27.8511411283883,60.9084619055965,27.7418815508121,59.4935692300793,100,66.7780760532661,90.0961885582424,48.8886035413291,100,54.5827512070198,38.452519389644,100,47.0146362235247,51.3780125673037,3.21890033302645,58.8200341393274,57.7961365887509,45.8029555011388,32.890397125341,23.7858600814629,52.1508667088807,42.6266459886176,52.2881239453196,47.9868178700637,65.4037396499525,89.5904153222879,100,-3.54616440167342,46.6394243372585,26.4088116836857,48.2998737003293,100,55.9767009797442,56.581011874772,52.3234149889411,40.0466803769042,46.0848713890614,42.9222267824638,24.2667753887798,36.6301548126865,42.9838412670826,16.7146626738113,63.7938878245804,29.2670464263455,85.5204327801484,39.7326318603759,43.9028002528604,68.8248355925299,72.3620977406736,44.4350218559459,48.8950489206741,42.6767146236307,22.6831799937654,63.4744455486413,57.6394016838183,56.8545144818051,38.513418760191,24.6343739189629,46.0750888894035,28.557292766053,100,53.6735974796222,43.7466965897225,36.8323934376162,34.2225748032855,100,51.2616899884497,38.5788674008336,51.2620203059936,100,100,83.5699123926945,16.9650791217292,44.1260706797371,29.2868663633559,16.7384071287689,79.0164997142763,51.3895359491231,37.7944392730205,53.9617810083299,35.8463583712741,86.7312122940434,34.8622490327922,14.0164814821774,74.8773201833542,62.9989412112112,92.94283059426,17.8772700798773,16.3659453703004,95.4279491427034,60.0457211347005,50.3751058710222,81.2344700350419,56.2705788686699,44.6814654438599,42.183578827123,22.6551470832336,84.7966359172241,29.8989578553736
"6088",52.1183949314204,27.5371795588841,49.1912553684468,26.2464781793418,54.2343482369026,100,66.6046950101799,88.2521054744272,49.0562234479097,100,67.8518206814867,38.8854499455166,100,36.6567254345043,39.4802539098314,1.3718034387043,60.4820131603697,45.6619044120143,39.9070074462674,34.5641000979316,22.3118335222356,85.6903265995984,41.7475483595286,51.4537397268387,47.1495587286983,68.7494774474655,89.4925733139526,100,-3.86412807115934,47.7648024611699,24.4469113777744,53.9940213349278,100,56.2315817236013,92.3200084739145,43.8907905530997,39.4862465159635,43.7957902830269,44.6086383889668,23.3342678961853,50.0193523376511,33.9770697264674,17.1049396752398,65.3470094639138,31.0975875263191,88.5696910503862,40.4456730615758,44.2206445004164,68.8186888600826,72.3990396729684,60.553379316468,39.1048489377251,34.1320592341279,21.4797645264648,61.6289292237736,58.4577272268112,30.7825056000513,35.7969803826698,23.8103397610387,41.6263473852639,28.8282918427718,100,40.9733889003442,52.3677295823981,38.6801527891778,28.119554408341,100,51.5354069238495,39.0276364884329,44.1058533763308,93.0378524612738,100,83.4502505588162,17.2454516895616,42.4219409539314,33.2933055068988,14.6236942857479,83.2262570071228,44.17172238453,37.8537685202363,58.1680241763249,22.8423077732297,92.0947599679484,33.8700208567768,13.9356294682052,73.779982228855,47.8727626444347,92.3373110934122,19.2290023088925,16.2582277624338,96.1400449997791,80.9480799643931,50.1996602826962,82.9297415281503,42.3629749676594,49.1093373074944,42.592108174973,22.5187708478078,84.0635607889496,30.0327526860561
"6089",52.5723175667235,27.3599194068708,48.5562517284832,26.3018038385796,58.8764195699451,100,66.6948800458963,88.73539697451,47.6506147740044,100,61.5604096579467,39.1744435460114,100,36.5157915469362,39.8062609016527,0.590076364290962,60.9396253991607,45.1051913396848,41.9813839259298,32.5044331448925,22.9870634593027,57.8425797925755,59.2922285020499,50.2120261910079,54.2778892880381,68.8953268276734,89.6380042501027,100,-6.15250549424078,44.8793088475601,42.0346106339498,52.4408718946533,100,59.826236996055,92.1158259536032,52.3974831634866,40.122980373602,44.0078390207063,41.0726111057151,24.806904452467,50.4550206545661,32.4284365411374,15.9373107523574,56.0160069770547,29.4551615894495,73.9358812901601,39.4496171864273,43.426907566835,68.9104421611903,71.6390625890869,47.3220064227233,36.527501914999,42.0027578260788,22.4198299989616,64.1907422107884,59.7905129359069,62.6860338770302,36.2603882967089,22.8829785413839,52.3136440573321,26.968359720799,100,41.2102286962448,44.5484604028424,36.8066580835257,27.7268707734866,100,44.4177715010885,40.7242758578418,44.2632471101676,100,100,83.6626724318826,17.0587554863526,72.6236794384394,28.9025022885527,13.652645043471,86.1280869908892,43.8066773423254,37.8226627932195,56.3319027596254,22.4084216715474,93.1700866010677,31.4973489512171,13.4809460003299,73.755323722006,51.0604698293411,93.5839623816136,18.3955991582425,16.519060933288,98.217901757371,62.4282147225803,48.7808807286728,79.3677380320047,42.2920534567139,46.7889363761431,67.5502484472546,22.5731723352543,84.6196695613807,30.3513470268018
"6090",56.3229154359608,27.5493714334331,48.5518274538321,26.231185032211,52.0834361414124,100,66.6460924208391,88.5661321441202,49.1771261171656,100,58.1429703794793,38.2199299536663,100,36.0204618937507,39.4239944707633,8.53245331872972,65.1518272311376,45.024594847381,42.630158802781,32.5711591273828,25.185328857358,65.7483093877941,41.7300093470736,78.928751146944,55.8880548647596,69.0250455470707,89.4819053192198,100,0.100527101070732,47.3014972121274,41.0784091395763,73.2735915773262,99.9227338153278,56.4071821401565,92.4555660806582,51.8135299271432,39.1969622127978,44.1094507606267,40.3839219420966,23.2448447099927,50.540964992223,33.6687739172312,15.3017373190638,55.0271407351037,29.5244810800907,73.1657311278526,39.5765334467752,43.8264178362043,68.8137709817637,71.9323925431697,47.9914299020934,53.9532605508831,34.9160187900863,21.5946058644599,58.4581464642525,52.046569700212,31.1592611793118,38.4408133929558,24.6874591894082,55.0804839809972,29.0096199376189,100,43.555028522863,44.0274732813452,36.9737833039172,29.7879052465124,100,51.8082639586442,39.8042677170758,43.9862247613467,93.9629114511956,100,83.5628832243778,27.0785401453263,44.9005689128806,31.382676703505,14.1051756725916,83.5893380311488,43.4298065605052,37.8037732321322,59.5191632132506,23.7060757586848,87.2909508608927,31.6465534752833,13.8648276829897,73.7878970090739,48.9621990354536,92.7585001432539,18.2710178022747,16.4068698915766,97.0678778130589,63.349507474452,49.2755891537485,82.5569355848282,41.2387473608194,44.4878509686388,41.012016690322,22.5653918192153,83.7679451853078,29.7462224737027
"6091",54.775076693131,27.6762081076964,48.2350517407194,26.2560564364766,48.3055197306282,100,66.8781751530304,90.0781804183276,48.302961875237,100,57.1682760936306,38.8426960077227,100,35.5661373603563,38.1753697791407,6.84856799786667,68.2486188917785,45.6212903974604,39.9535311340911,33.6192090352501,22.4864543711938,32.4450638842297,43.1980315562134,56.9510001329466,57.2233286484279,68.8532575954403,89.5897213184309,100,-7.2041965126276,47.1494903448452,24.1520671988479,54.1669723720915,99.8576084305195,60.2047595909792,88.8194467649901,49.2982811446135,39.8771197548413,45.1547845205668,40.974321540413,22.9203553925438,49.4705681930615,33.1264976401841,16.3007603878419,57.3743348582534,29.6065565392382,74.9557464658325,39.5578600785022,45.7660279137816,68.618614980035,71.9296886977557,53.3955148204388,70.3746126752048,37.9143242685968,22.358824337882,70.256365426536,55.8181805646942,29.0587751479454,37.9969791438583,23.5634120636582,59.9297756428378,29.3501295118984,100,41.3765103962908,44.4013928579481,37.8316856946002,26.979579520856,100,51.7047478236935,41.9177777436768,44.7415109731059,100,100,83.6248847881592,16.9006059427764,46.3256653360437,33.5584073074332,15.0653969419605,79.7129632043125,44.5487931429168,37.8124227797704,64.6465888179211,22.3281566934743,92.5709609281191,32.4141919295493,24.6746952911354,74.2921474080098,47.3909027047108,92.6859214449075,19.1211168702228,16.4094757218369,98.4088153564311,72.5570420399058,49.7747660757039,81.7843239172396,43.4269161461783,47.1975092683463,42.2472109158215,22.5678774341824,84.1893458547187,29.5859290187554
"6092",54.7792474626076,27.454610886174,52.2769756122068,26.5765743046791,59.9568155161539,100,66.8409603335386,88.8774142141053,47.816454029849,100,56.0536039785505,37.9681638773442,100,37.8298017944754,39.685278489453,2.20977592137936,71.5692819088771,45.0702350094016,51.1424403438366,38.4434303438388,23.2143215436979,34.0309447010131,41.1415713129603,52.9110894717489,57.1204911954527,68.7362150396007,89.5550096639777,100,-3.76762043677004,48.123357403441,24.7253933232667,48.8904077411476,99.8912356589026,59.3977576894171,68.6411837745675,52.7905709493451,40.7492833080891,44.9451892331248,40.6422925113049,23.3295598756529,35.959177344622,33.099298144517,28.7969782335163,54.4593863081366,30.4384865207386,76.1010353469037,41.5775719092947,47.5030948710586,68.8285896747609,72.7638135626796,49.8289902852845,38.1469190117496,30.2133398814626,23.7286292740074,77.5832130868019,58.8226705408675,57.410852480863,38.0456235773181,23.7044927371908,67.7389280011013,29.1469925055712,100,41.1412901512777,43.9554352915911,37.1144479699673,28.2794196154091,100,51.5339116281387,38.4574221134143,44.9397459874429,95.0155825170561,100,83.779541782146,17.0114984793865,43.8612340747857,31.5254789073178,18.9727330023604,77.6194449070848,43.1041252911129,37.9708325217814,66.6628294830801,22.642782887057,86.6659309090878,34.0629148328862,30.6725424367253,73.7337334012449,49.3907407139659,92.6875695332687,17.0447773227383,16.4969589844254,95.9512848913306,62.2307824621539,49.204463259274,87.0838483940011,41.9030960001779,46.7849037531964,40.6120947863656,22.5233762893043,84.2536726752076,30.4174422589444
"6093",58.2622375474966,28.3869543661283,47.8832173442466,26.6863626107774,48.1126525936884,100,66.6250427699861,88.8323524767457,49.0222908255392,100,62.8415492219493,38.9842142169528,100,38.6107147225566,37.7806595996961,20.7943668751457,73.4031447631591,45.8765454662756,39.3833870351511,39.7054727987469,23.0173792149881,35.0537457841303,43.1545910403462,51.8561966893229,47.2021178052883,68.8982943725176,89.5877101612601,100,-7.23620859150598,47.0632867200932,24.4200852572889,48.6628220396576,99.8764120774875,56.3192812089443,61.6259268685609,45.1380259332914,39.4189047202465,69.2528486778393,41.6576315655417,23.5760299286745,36.0523692315581,34.294703961941,27.3764374541831,53.9822392120694,30.0001878107621,74.0027944486936,42.7298819920949,44.2290676417325,68.6792475846135,72.4864464223158,50.5659754328214,41.5981405013227,31.7065684574767,22.9894306594251,80.18702820485,59.9113447479374,29.9314955860485,38.3377611297166,23.4270872087607,39.520174467263,29.0027541050575,100,42.3529985081572,43.6697902043085,37.3446030651704,26.0285967061612,100,51.1337094606312,38.8867300513331,44.605389492242,100,100,83.5379009189395,17.0906444359004,47.8780330198437,29.2604392626247,15.7195011872595,87.1546633420483,43.2118448378681,37.80036308363,68.5718392390642,23.0157845782593,92.6228143893075,32.2546299141283,18.4758261361851,73.2985005035113,47.4870611142969,92.7370246602359,17.6584802160052,16.4809015378436,96.7667222250143,64.4135248258197,51.5531714197102,87.0728640789094,46.5819504276895,45.8223091333689,40.3575915364266,22.5082076480091,84.5214912400849,30.2142465878797
"6094",58.9323469901854,32.0955229663574,52.4490915657304,26.8860006900997,48.4286214704022,100,66.6730474185226,88.2496656039587,48.4073927825168,100,61.1246526670935,38.2059608259036,100,37.2842681864076,37.6265011091807,4.36587422542277,74.0768928679006,46.2771786221758,45.9622297226862,32.6552734428234,22.9530121546659,34.0790205481509,41.3299169255974,52.2034780292997,57.3122560756017,67.6263666408593,89.6120671135247,100,-7.204005028202,48.4266880391258,24.1767517781426,48.502112065728,99.9061043232723,56.6273624187733,55.1431219734826,54.1499530443947,39.9486730099302,49.7013121927449,40.8305980459112,23.0064901834709,40.396438573522,32.9175613772515,17.634418690543,54.2628477739451,29.2006812324429,88.7798306489975,39.9898330983807,43.7413779240711,68.8199553013149,72.1220152080215,49.4607250426587,43.1280491300722,29.8916874274466,26.1046436447046,57.9514721810067,59.8320680191741,56.740965503024,36.2135333347254,23.3136825859626,42.4429170670239,29.4357473465067,100,41.523455078067,44.8968881311804,38.3283046695482,27.6526752951752,100,51.8976684025583,53.926537881919,44.9722221055199,94.310634341697,100,83.5852929031442,17.4767283013884,43.5707791969219,34.6496914412578,14.7866484712262,85.3021685561572,44.571853890454,37.8173521979066,67.9500927489764,22.4307523350045,95.6440339434486,33.5197711669899,13.8317055652189,73.8208844704517,48.95525844813,92.8526296339586,19.2445948650142,16.2720300178822,96.0149340094096,57.1389193263538,48.6619179190279,79.4741608295517,47.2547780752229,45.7658722214645,43.278327073783,22.5390527006308,84.3536755445485,29.2172970592416
"6095",55.8322877949434,31.4662583867965,49.2354512010575,26.5486840740848,46.9331951420107,100,66.8709463147964,88.2406557104658,47.9631200130233,100,64.7691168791192,39.1382185306609,100,38.0477989264752,39.510842450539,0.946755439788429,73.0409566860441,46.465926262751,40.2358432065444,32.7527339744178,23.2652356315959,34.3886858571201,43.2491613687223,100,56.6799263044381,68.8847963049376,89.5946448947576,100,-6.93046098795039,45.5907206126117,26.8419767710662,47.5462662901201,99.9563319916498,60.768351899833,54.8913488363435,42.0517502562005,39.6621304110907,78.9046006397377,40.2339813392798,26.2917958381482,35.8078503622549,33.623666917082,15.0628907448136,54.0362496163555,29.10962941013,74.0601215396442,42.0150723373998,47.7644759891986,68.8264453132566,71.7106646998069,50.3436028489321,42.6476323460145,30.1394543660877,22.2993147417405,65.8004589263922,59.8927506069268,56.7108998865813,38.9501432366011,23.6294431748374,41.0648980363357,31.8743195886701,100,41.4367283629149,43.9288965004494,37.9991830557891,26.0924862414499,100,51.9208700777126,38.5604485073454,45.6699010849219,100,100,83.5751783620711,16.8075554784584,53.3540804406773,29.1799105780272,16.0824502660767,86.5447844281128,71.6212249400373,37.3608603135427,72.7883094228547,23.0872546089562,78.1851179091425,32.0333167086049,13.7956422527715,73.1710992015627,50.1927227491543,92.6348925592972,17.8612926173463,16.3012235620211,99.3643155836846,58.3503013069736,48.9964738842408,87.1823955951832,45.2550086190432,45.8122978776592,41.0315758390174,22.470221009031,83.9492342904347,32.394010432106
"6096",56.025484882975,31.3682696270546,46.7567497056247,26.352176236326,56.4286401111066,100,66.7370894897234,90.0740601563642,48.1716921493136,100,56.473232158988,43.6073594591566,100,35.1442345743331,37.5695095767263,0.807076652902037,71.945129314644,52.4496288517475,38.9693181612176,32.7735855490675,24.1394661872776,32.2811578079845,41.3386333618929,100,55.0729953326015,68.16659472782,89.5029658002795,100,-3.54373332517823,45.3319064781243,24.1499071906572,47.7045562562689,99.8863679858932,56.1789145641243,57.2678749369452,55.3611935036989,39.1233090746346,63.8082389896275,47.3199872274872,22.8578041366831,36.0094819887326,58.6570578345669,14.7640014568437,47.4653387187979,28.1974705595504,74.6315987041403,44.319679283157,43.632461917775,68.8248156423675,72.1660535989644,51.6519812187764,43.4512255725511,36.1831996982867,22.6402067781919,60.6924120748415,56.5696652767335,28.2595218154349,48.1017274952222,23.5025773213742,39.0592888216586,29.053053401803,100,41.1512234006451,44.6866327748477,36.654617921291,27.1608108588361,100,52.1392665870514,40.5519447101854,46.2703475191321,100,100,83.6719441636834,17.0655308061538,45.199619124959,30.6691996839131,17.5034994297778,83.8789703455936,55.2610789670547,37.8467023247059,74.9936577992026,22.2429946883587,88.3481714583012,37.3733992114909,14.1648888374577,73.1402475895234,48.7182549043888,92.6952569241021,26.6085572863251,16.33358220912,98.661140598376,57.6263144198584,49.5209235063089,86.9926109511523,41.8015773996822,46.5514546236049,42.7346498670077,22.5339361328784,84.7823052423578,29.5529138825764
"6097",53.5908506019073,32.7947973031292,56.9050657411753,26.4334476326246,53.3809431900792,100,66.3981918348569,88.424613456399,48.4313207747273,100,62.6957533495936,38.6532732513088,100,38.1644400903872,51.3604813367148,7.67398695670154,71.1843030290943,46.4569707178236,41.2403144030272,33.510453779344,23.0752892894478,31.4688334113735,41.2683878580395,98.691783798276,52.7442864378965,68.5186652183172,89.5752067845379,100,-5.50882341841579,44.9348792351324,24.7695365687633,54.1440106502966,99.9567651584414,57.5612512111464,58.9697737237719,38.8398625423937,39.5029197987176,71.6172618187864,44.3670026493159,22.9402531905248,36.2125038059046,36.362562563574,15.2395305136437,50.0861555117329,42.150353506022,74.0122593766807,40.3801856769523,44.3869917142935,69.021762729894,71.9297769133501,47.1163103465209,45.9800713403236,32.7990951960297,23.0082100366382,57.4634353211091,57.510495634493,29.4872801676847,75.7224563350371,23.4877740677286,38.8204842339964,28.5395318553348,100,41.4409298454112,43.7161486822791,46.13302534892,38.8848670883588,100,50.6202941257764,38.366326427533,47.7027201359515,98.852489574354,100,83.6536958237849,16.9283532685151,42.7225171158769,30.0971128460514,25.7309458802169,79.3990268902969,48.1375478036842,37.7656696106117,74.8221126395907,22.4062939199572,93.0085724385204,42.1456841600328,13.5929964891982,74.0198300552472,54.3969675230554,92.8768279510209,22.8629081313277,16.3991133013404,98.6370471161516,66.3714207138579,65.0733449715741,87.3243434256835,50.2185786748495,51.8963041612275,40.5541828028084,22.5806836911461,84.0652605476604,28.7071659567063
"6098",54.8748696599014,28.3965120339318,47.9421995475908,26.4335181138159,48.917863408827,100,66.7769956634046,88.8405718830538,48.0603870518562,100,92.0973063524646,37.9582572216745,100,42.8238377725628,38.0269686322543,2.06536027960912,71.8117092084226,46.4530891888882,48.6892307646847,37.1834606624698,22.7706612377582,31.0747990312108,43.3128257304274,100,37.8863259055374,68.3367445762345,89.5452813608694,100,-6.41838320985419,44.6103796200932,24.8126051295887,45.5848552370636,99.7846277261923,60.7625527342164,58.4746052073826,53.4415776321311,38.8763677760492,47.7193722195807,43.5532393085941,33.7414194090258,35.9335347619029,34.2515621365502,20.8448621156073,60.1864332235018,52.4360916654354,73.8745258381448,87.1911744724723,43.8489213474093,68.7423680758799,72.2796123070879,45.799189384685,40.7184376802026,32.1606736920881,22.3308326990571,63.4203259419202,55.611561268096,56.7069715841701,38.4728670986633,26.0965945478637,45.7799552557319,28.2637479875554,100,41.1741179057747,43.7679987815608,37.0542725366502,26.006166129329,100,51.9352734593009,38.8731494282928,45.9804488499293,100,100,83.6088075712633,17.8191111045967,46.6925423058232,30.4141801350646,17.8136403651124,87.7522690335073,81.7381925092651,37.8100968241711,73.011987957408,22.5453818288484,93.6664141247364,32.5519441377596,14.3758227757435,74.0573026834463,58.3823167257786,92.6145509297131,17.4691623391269,16.4598125516298,96.5141674716279,99.0488716534976,48.8758542836654,87.3170682953695,43.6046163837884,45.2746150518752,55.1334774870427,22.500972908961,84.226445853295,28.690814490127
"6099",54.9886715090094,38.5810221637328,49.9574948952415,26.3856216536745,50.6613002872433,100,66.5293210898512,88.8972012479445,47.0434199858844,100,88.4638963508165,38.8517825834806,100,38.5428089482976,40.650700463392,5.45664762619624,70.388463856861,44.7337595951485,39.7527996271091,33.3383991503795,22.6954023823426,32.6780757006293,55.4777984559024,100,51.4004154794829,65.2965156468076,89.5390710011665,100,-7.61977849840965,41.5910824041782,26.7717257102731,46.9908620196094,99.9024981444182,56.4408686143894,92.5230767708286,42.5699323569284,41.191457388489,62.8456146058996,40.7789460610594,24.3520714172931,36.0168578240245,34.538690349898,15.6617158539745,54.9460648290067,48.8897964182572,72.2299142683401,91.2177041453956,46.8957881794501,68.7589375659494,73.6596229302865,46.0661249984663,71.5319704759473,30.0949069978663,22.591089577314,63.1577578946164,55.4960458486591,28.3946020797154,37.3825059145216,26.3273445729691,67.8281106668444,32.8471180241199,100,40.971747289182,44.5772977562426,47.9498574889329,26.3421588067307,100,51.0346612489024,58.3431262563354,45.9523050637045,96.9252519793895,100,83.4533226396433,19.2773668545203,46.9949416355918,-70.414035666262,32.7057791168059,87.0887369492775,54.917322581115,37.8458577140783,65.1393749415896,34.5497211435687,88.7786346663861,33.6562819077527,15.6304311514427,74.5934887079961,49.4189969326522,92.5375840213555,17.6521792926216,16.5144393710923,95.7798675653379,87.1542359095303,53.0892491973854,82.4955957973671,56.0519906422526,46.0603090880763,50.3626226941515,22.5079227547687,83.5858747857996,30.1961921110369
"6100",52.1367796966343,28.525146249756,52.2683366468596,26.3577771121318,58.6950815532198,100,66.667045862877,90.087606892109,51.0335309629299,100,89.4782807932474,59.6554584815905,100,36.5640020437179,37.7050308543442,2.65500861654907,67.2210473888305,46.2858238178267,38.7360603289098,38.5885479617431,28.7629585031381,31.2123939324035,45.2049708285248,96.1071132242334,56.5742427791858,68.584732347617,89.5265883238533,100,2.79415769907201,42.1035453750971,24.5417492103365,46.5365978119733,99.8775124665854,56.7479205056596,58.0684571782493,53.213913528251,39.3227094158016,58.1509873402671,40.444233349169,80.2232012799243,35.8296587530329,33.8968960084109,15.8709255051061,68.4207135340108,28.8433468253409,73.9410848961982,89.8316307892432,44.9466365085875,68.8111674061844,66.4543401020138,61.3308731701881,45.0691968363248,30.2890770175071,22.658181640161,74.7825934536961,57.6187406390318,30.879940917491,36.3551473573734,40.9235478466711,67.7384593334194,29.6024941188531,100,41.4044384700553,43.9772662708589,61.6300386065124,33.9048602726582,100,52.0040102343494,38.4688840452883,44.6744884472501,100,100,83.6299016120832,16.8633380942295,53.8623367849082,-243.807659503482,41.8619239654659,79.7095247514471,44.2654069299274,37.8382773705923,62.2053020119713,22.2739736652807,82.26989678902,32.1146918624594,23.9849711090371,73.6118664180624,50.3798818482967,92.8179287482377,17.5854815852154,16.2121895914234,98.6712444651272,63.6647899012282,50.047776788872,85.426548533043,42.5439586595408,45.0136862145151,40.9803191409571,22.5079854601276,84.1985911652403,28.5033603419999
"6101",61.3316200129247,29.9662368383928,48.7279939259384,26.4355184994975,49.091645433802,100,66.7707758748082,90.079418306659,47.0427463347243,100,85.1567612714246,59.6883329052391,100,37.2608368780799,39.772875518149,1.91035241640935,74.8633363876697,70.8021605502598,40.2226375539144,34.0036247348561,36.0796379389447,32.2735520640855,44.311928932904,97.6361062699831,51.5601378882096,68.4966320362367,89.6099450104759,100,-6.25009621597516,42.6163904671013,28.0736938325155,46.9069485177596,99.9801882850677,56.7602622070603,54.2427540691676,47.9665090117146,40.0737878879521,47.508542033979,64.2620655837087,47.7564034227719,36.2343920559717,33.280084684776,16.0504149948874,55.686031855602,30.2603474704728,73.9636274996785,64.6706427943889,45.32681588315,68.8199894254076,71.9243150502061,42.6501179407355,44.850663552548,30.1179751236193,22.6654448670646,66.1879091451126,56.6016282525715,54.6341518065848,37.8892984347484,42.4862101093291,64.4408149575663,26.4787450660973,100,41.1587927910612,43.9893315602373,73.5347300924425,26.8050793737812,100,52.1642454515375,38.1180276485724,44.7273326730607,96.1089072601417,100,83.6499053796806,23.6052526284007,42.5925642052739,36.0442811067505,16.8996092604092,80.252386672463,61.3286829878447,37.8033805690846,58.1667041918081,68.5698872561141,83.6655462335434,43.4457295807671,15.5815901548106,73.7880482345025,49.0721626508091,92.6976889404095,17.8882279275499,16.3683548648803,96.8465330495976,65.6427848800297,49.4781978507529,81.022276114295,61.1014533002377,65.0489569779764,42.089359984751,22.5137691613573,84.7890094199155,29.0757181441258
"6102",50.0698406337107,28.6903745110231,47.8559714688125,26.3247130224753,54.3324511365443,100,66.6439864769816,88.9496891526025,47.0557129319938,100,59.6855514626379,43.4993313137458,100,37.8000677971114,53.3941231259642,1.96468414008919,74.5683094515337,46.6664758617461,51.9135528606236,33.9396018307285,36.502989475045,32.4425559519788,43.8299754890058,92.2251880480166,58.3878785411068,68.00590216999,89.6261141179314,100,-6.06050544741534,40.8743994069474,24.0366875801433,46.4289945860388,99.8813083104901,58.4895626152062,92.4819993742492,54.406915246688,39.8078384162678,46.6380486177639,40.3672944415287,23.8314214112777,36.2481070275405,35.0078113591503,14.5875499711446,52.9862190716753,29.3471630431928,73.6028889245659,81.7037197840122,45.4063368611788,68.7584306602919,71.865500033794,44.4112733282572,36.998294345786,42.4550096299143,30.768073861531,56.7297341519364,57.8198707615483,52.6937340803614,55.6047116592719,44.2671984522012,52.8177506404459,27.739381983771,100,41.9927031889438,44.5936836435917,72.2104439492921,34.352887985525,100,44.1352923084996,53.7662052030404,46.625324473855,100,100,83.3299269414568,17.5250031274995,50.894179744126,32.6617709096626,33.7912263262068,82.8151367036382,64.9498691877403,37.82881105602,59.0331246159934,26.4698961412825,82.9795672268986,33.7745576082051,15.6367965531491,73.3686135740959,49.2417806556795,92.7563332065946,18.1113477353643,16.2358440816623,99.0415718149438,61.1074965522923,49.2588036616523,85.1414071477832,53.3406070917097,44.9493869058674,40.4927236890903,22.5258474146806,84.3804709048302,29.5986347859189
"6103",57.6637962294196,31.5695278307367,49.929678848291,28.9401884100593,58.6365070329586,100,66.609478578429,88.0421192814681,48.3217303522598,100,61.9262691079282,38.2490924404659,100,37.7866224173264,40.2926190724818,2.67132076408904,69.898958944047,44.7036863521708,38.9341049132293,54.5561346494641,25.3445256613661,34.44272209002,43.954227763947,51.1661425927688,56.573842704947,68.2860524002493,89.6135175005235,100,-4.85503894008706,40.5232107322916,24.0885162088121,45.5443520291322,100,58.2896802881208,68.6243465142285,50.2682091472201,39.3089466500423,46.4179775875129,41.2649634704685,24.0818430941333,35.8005442898559,33.6279607884321,15.3477935725561,54.0315638622669,30.143485927009,74.1721617153975,68.620089943089,44.3800927909145,68.7920337357527,69.0710793173599,40.4386245108457,70.0644467463067,30.5575104502284,26.6362008367723,51.6209814782166,59.7999753549649,40.1517896741264,60.1228066347087,47.4280387203241,45.4861742641515,28.2245855522903,100,42.0234282115741,43.7431174540177,36.1041669922369,26.6249275402029,100,46.5008008855562,39.5737618808799,47.3278727680333,100,100,83.6243963555869,18.0304371540068,46.2986838738937,35.5647008881143,41.3546288544217,80.4479892713041,45.2340047842005,37.6845442094911,54.1984778191446,30.4182917750477,88.6924964784225,11.5780870419035,13.7999656932385,74.4603392097932,50.8547402134563,92.7178983822837,17.7011493586057,16.2900989818081,95.3337364031213,63.0186835140036,49.0448793873494,80.5022741662382,49.7019588916564,45.6066565159892,40.68728410787,22.5474936030469,84.0838513345862,28.6993235612712
"6104",53.3033742459556,33.1619139647082,49.4273122185142,35.8662963834363,56.7978347514387,100,66.4879023698679,87.8656479794529,47.2314797112324,100,56.2446949065489,38.6987546273752,100,38.019383532154,39.5347443565226,2.68212418288288,69.7011219235621,53.4386490514017,40.1375978526241,58.302858973718,22.8224510808161,31.4026827420908,43.1545370155764,80.5526637496139,49.56874422887,68.8516523404876,89.6155731356801,100,-7.03457662554296,41.3269606784389,24.9681498645041,46.8486299487379,100,56.32851492211,59.1346014918187,50.7775137118408,39.2228226878159,44.7110930264438,48.7780385482708,23.7482293102039,36.4128234717603,37.6217312213182,14.6617720883327,55.3462160183856,28.8465519674794,88.3167801127731,64.9940453563027,45.6905683583648,69.0395403679705,71.8553156254592,43.8578695686573,38.2413501409956,31.4895279428374,24.2268443506636,58.1129598726162,56.6226208931268,34.3627820010494,76.0800589024496,37.5061057997503,38.454724021754,27.4478592312407,100,41.125380947527,49.0649191533942,35.894343788037,35.8915055955119,100,52.0107207075594,38.3032147517683,44.8592802580907,100,100,83.6562581993025,17.246212438399,41.7671005621861,34.9367628290773,19.9029451822,79.943206389146,43.4228476729433,37.8424662392623,51.0102663353388,24.3930629084218,83.891922447904,34.2065026425223,17.0557256844567,73.4600565733891,70.9774628814513,92.6101809242929,17.9977853569111,16.3911569374096,98.111542909528,88.423572435495,48.6872303452175,83.0562045248498,46.3357307762073,44.7637852867059,43.28347133817,22.5400081155405,84.7085289111494,29.4084970235352
"6105",51.5670312636207,28.0577441217415,57.6700468057815,37.5315107918765,75.8779265049223,100,66.7163181191875,88.2389926544449,47.5211954138749,100,69.7506606093685,41.7400796095955,100,37.0693043106155,54.2349378168573,23.0689125537645,69.3434641167602,45.7623112039751,41.1335180688266,78.0029680661015,22.2075645972134,34.6650368260906,41.0027303402595,100,55.9644276295308,68.6987042748433,89.5501926664093,100,-8.06435419232368,39.8582835319346,24.6039977770204,56.5560676833078,100,56.0589811085103,88.3197235512811,55.3502364854322,39.3173168687759,44.915957850189,41.1793627248049,23.5775495176618,35.9096574102243,44.0268263725183,15.6754325372817,55.2461903569364,29.0268606864487,73.7892199612913,75.732714628181,44.1961602513372,68.8178811862147,71.9580095344363,42.0706669552972,37.2128768492083,40.8843548480312,29.0288038889172,46.9917543126142,54.9833495879785,35.2644616982204,66.2361980785448,38.3369543549845,39.7879157981003,26.7007197439083,100,41.9729661271094,44.4991351027285,41.8208906331307,26.5000883658563,100,48.3576546315569,40.3168128351837,49.4315828630313,93.774338150099,100,83.2040231686341,17.9781906146067,50.8172572812933,37.6547235461157,16.4853011465066,84.7664390203106,44.608196356772,37.8254687568352,54.0733733901019,33.3131957478003,95.0458484373881,39.7776009791475,15.24087520717,73.3350055116554,51.0366849554172,92.7222470452183,17.9975535765328,16.2830194460098,96.3621395098782,75.7322952942897,57.5207324694597,82.1233817752597,51.9461216116406,53.0660263368419,40.811772301337,22.4914140161194,83.4438358570837,28.9848398991783
"6106",51.1347195570917,28.3292286039712,47.1270655780298,27.2023783812658,75.132971731158,100,66.6300054850642,88.6890259437615,47.460955354169,100,69.6849039403441,39.5213748858291,100,47.0607402890978,46.9788092118421,14.9077904609888,68.8832370953322,45.8251323487521,50.802560615324,34.5821495677014,22.6503909985233,32.7855558154065,43.0134335458336,100,50.3379341138185,67.1316853347438,89.5017356952551,100,-2.47210374785978,42.5646945666595,23.9172555549802,46.7884267381868,100,64.3539657993426,54.6246104377083,48.1628338175468,39.7945090664894,45.8607069804682,40.9047808741242,27.8305262513144,39.4836017234442,33.3625848335497,15.5430004897846,56.6888794911089,30.0702526992909,72.1225191793256,69.2460518697594,43.6012971710638,68.8257011571152,66.5476962582956,42.4919721192124,36.3552136949662,29.748487041355,25.3560385417277,47.7098490978617,53.746213658217,34.3252985887055,41.1818885375527,31.8900954854561,48.2473373316926,27.6966578289638,100,45.8505144164259,43.9741557243365,40.998930905119,27.2907008856474,100,51.4729660452881,48.6035982294928,44.8142869799411,100,100,83.6150084432331,26.8178260162843,43.0183385066948,34.0088343676532,14.7711405268279,87.2116408014956,43.0643197206194,37.7995715054685,51.1622095160272,23.8418843977891,84.9680095894018,32.0603867445358,14.6515600218056,73.6542668529154,58.7521949705691,92.925873457596,17.9151358392908,16.3056164312747,97.2726202726248,71.2192269564594,56.32096016886,82.1346977543291,42.5939653148212,50.2231944916447,42.3581926519437,22.5225125204336,84.3045355158458,29.3693594436046
"6107",52.4548716891382,28.1807445609265,100,29.6046437119916,66.216989401447,100,66.797689908687,89.4025130710806,47.9688336734953,100,56.902442754355,41.513014347906,100,37.9068603164869,39.7393188201376,13.5284037159257,65.9835411268362,45.3702671295757,42.0612488053423,33.0384868588557,23.7382153288151,30.9865682837197,51.2865527080297,100,37.5572794017222,68.2467191839099,89.6102012030471,100,-3.44985068970235,42.4552257484789,26.6165118037256,45.6755043077004,100,55.9855052190153,59.5816108923358,52.8012457975736,45.3776374437992,51.6725648502401,40.6678204848702,23.8816124409826,36.7592159787508,35.2883684056294,15.2153947377621,55.4244075219156,38.2072470496256,71.7053516392641,69.4171095146645,43.9825798578244,68.8176363478168,73.5479646160641,45.910527834681,43.7871060214293,30.7983593991153,22.6497947842641,52.8419140575385,57.3406171449701,48.2893615376175,38.0467824828698,31.3941868492316,39.0585399346328,-196.436240535638,100,41.9254695215392,44.9861994815072,36.4371541589579,30.0153510366646,100,51.7259358495026,41.5471346294375,44.4571960982833,94.5599010658499,100,83.7787706224482,19.1112978751352,43.5625248247499,46.6809429319947,16.5290049178515,87.4797255135471,43.3328606360439,37.7913267041738,50.4661921926169,22.2975076449695,81.9050189972888,32.0065172097981,18.2064636675634,73.562664211086,48.5356381202798,93.4865653070149,17.9070929045386,16.399771178242,97.0580345487987,56.0703487512459,48.6972348670074,81.4624676571737,43.3599565384924,52.6528420905958,52.691640958204,22.5253787240536,82.6422199607195,30.5719175941994
"6108",57.0773986447017,29.2173397632776,90.9696736053043,26.3888662362062,56.0606561424521,100,67.7357592485378,89.52716907325,47.4708680868123,100,72.4182991645268,42.691047639386,100,35.2749860695541,37.3847030075185,1.31350864967862,66.2025192036673,46.5056832780866,40.8720063901579,39.1518110377237,24.2590794878427,34.4396024794161,42.6927920310015,100,55.1144481983886,68.4282632048635,89.6082780945397,100,-0.549337116082135,40.3712055137233,24.7358922737317,47.045655841918,99.8614446716559,55.7172901694202,55.9716596269686,39.9368488248045,40.0372263737468,54.2146256913171,40.4382930269037,27.8450265927457,39.622612217001,33.4892914622884,17.5166910503879,52.2627044908415,29.431597124613,88.090084640863,93.216228147916,50.0590574346387,68.8289059698128,73.507571927808,41.274341340455,38.4965907011011,32.211544640886,22.0115586321622,47.9020972025735,63.3859624448323,31.7474946567103,35.8282338101825,30.0592169299156,39.6108812932427,-276.674237442329,100,41.9417776202513,43.7409870491216,37.1552611034069,27.1363670285294,100,51.7245365704073,41.6558267888988,44.3954982750437,100,100,83.6249603273542,17.4285522791,45.1456066201894,35.9933420717508,22.3795579525181,80.1188568859459,44.2745643590491,37.8363924244535,50.015389899666,23.914869547019,88.4312022873138,31.6450043845716,15.2099016375036,73.5279353017061,100,92.7015813018538,17.8297688826769,16.3870971042118,96.8239422571745,100,62.5434808249502,79.9119407980834,42.745392931666,48.2663149838297,41.0151952113707,22.6529320254097,83.5995281661012,30.8837578001114
"6109",58.035427487074,29.4178374624682,53.2987813417058,32.7109777603507,47.6602534919176,100,66.3892996933613,88.9274321261802,52.3190408445942,100,74.6951259943991,44.4671322706379,100,37.808759835752,39.6967072805963,1.91323617506407,61.5174793421935,44.6024195839724,40.3573688487671,36.5325494874025,23.1660914194241,32.6760727873755,42.1529498603525,100,55.6035149671689,66.7862478838983,89.6576554517894,100,-2.05907889563554,39.738201876008,32.9777737782849,45.7404745893402,99.9991800119201,66.1070416674399,55.9771308625822,54.658024047784,41.3162831935227,46.3913375833054,44.3043759512915,23.7843782930513,35.8835598944032,58.0401226305853,14.99119046315,54.6691776429447,29.4257068406166,88.2023510821717,68.4719967117502,45.6815536681003,68.8250908574786,71.9293893854626,60.4008029992003,36.8606407279145,29.6257611592748,23.4546647464893,51.7811211784517,65.9572954294949,30.8110630358735,43.0889411145665,32.1948739761214,39.1143869175558,28.6356500646896,100,41.9290755946167,48.1473741916462,49.0050272524779,28.5194208568428,100,51.9094027362025,41.9936412538958,53.1533827677747,97.4253320504301,100,83.6552804609758,17.0915816890692,55.3374629280999,32.5107981110323,16.2128126111932,82.8464138588789,42.5039015112381,37.8103669098459,50.7316643713664,26.3868513330198,69.3898686414305,31.5919564220919,14.8904953969677,73.3543009126908,100,92.6408817816266,19.2860221212429,16.3079536867572,95.2359452280239,96.0659168318426,49.8855164880029,82.1485879940273,52.4120886642936,53.0715035283676,43.5983661179867,22.5406384467355,84.6195412332657,29.9715073651307
"6110",77.0845397637374,28.0747429885262,56.3580860209275,26.2258039990051,50.1444933009236,100,66.681748643863,88.735118062886,51.4166100964426,100,68.0083263678201,38.1949225116128,100,48.284305262934,37.9712912654182,4.13316543612912,57.797681273809,51.0169481996173,38.5405949276051,32.5484586886887,22.6793951442042,44.7731189866685,41.2777088993253,100,96.2763742903871,68.6406853697798,89.4819436144695,100,-4.74664992333275,40.412461573239,26.3628364897265,45.7019074458184,100,58.3039972840815,55.3612373319472,39.5313481505148,42.0692180823067,48.4471276579719,45.6286228256502,27.5880310204905,35.995812632075,33.9619266152341,15.5016084707217,54.3709356656388,29.4845037709722,88.1105798940577,55.1966590757949,44.9657257324662,68.7539098182457,71.5795360248568,42.6329505921266,36.6119025220173,29.7116458134112,22.3027090801333,50.7997564952909,60.0288627856563,46.5199376993855,48.7365474951568,31.0089613759763,41.0296215800955,28.5570270412116,100,46.8264154825776,44.8566375755165,36.9927765625217,27.0941007438751,100,50.334911897942,53.61819092938,48.0040150433017,100,100,83.6050487944293,16.6629324866234,47.0834480181693,32.8479747694469,21.6902031386095,84.8254807595873,57.9043435051754,37.8029548424763,51.0307707000603,22.2450263101122,70.7104504639974,31.9467304767704,14.8387858304157,74.5986681063592,50.7939899840323,92.6691660863893,17.4526424665516,16.3115303254446,95.3666817708615,100,50.4511025191013,83.1529955002581,43.1397937863429,64.2363192209653,74.2471256754426,22.5346784611456,84.6819652382596,30.0898158493015
"6111",59.5310394736034,29.9709959051304,47.4702526143758,28.2356613556491,51.5591298854815,100,66.781490684511,88.6495950243426,49.182060816368,100,67.1582495095962,37.6882790096803,100,38.5911715112457,39.4728482879377,0.928477624845787,60.2394296155437,45.6722152045002,38.494487486707,33.4687340488502,22.4092267680769,34.3750921202695,43.2584599248439,100,100,66.2064155185383,89.5764426194219,100,7.76215442369386,44.1054836406139,25.0663700015664,46.8155378931836,100,62.8663637850526,54.2607087812497,52.5555078789778,40.6719841058079,43.7735687000882,41.338564474323,23.4558880832852,36.8115172844707,32.8642645682198,17.6720472983196,55.7554035180929,39.1498176648454,77.8710660787794,51.7288556436745,43.4552804687784,68.948130415083,71.9996700417064,55.6763782652695,36.6377112840164,29.1651776563698,22.4013606371491,55.4746871358943,71.8080220592862,32.3096699679954,35.0936034783003,31.0254282062216,52.0572189594087,28.1658924991163,100,41.3632234283652,51.852010004489,35.8450246991683,28.1656511616082,100,51.9424913191737,56.7188765713189,50.4741212321259,92.4222169245583,100,83.5257835250427,18.0800188923151,56.6530823161189,36.9078965957514,14.9588183529786,78.5519739873061,60.4355329049758,37.60903268047,52.9104954890385,22.8413678453904,92.9162358931521,71.6601096790239,16.6170597450717,73.5120147424053,42.9830847667249,92.7348459286401,26.0980036929789,16.3478807519012,97.1370113386355,100,49.5617029697482,81.5816457147679,42.0005437701128,45.5993142497647,41.158809974497,22.6707693126912,83.2618689948331,29.8593073781029
"6112",61.3975296198354,31.0019752416788,47.6000672795293,26.9538792335676,49.4352821958823,100,66.9060041271875,90.0665179606762,48.8478277851561,100,57.5417282862285,42.1311068329322,100,37.4809327052726,55.3984641644336,1.49113242665751,60.4755667842953,51.8672083758992,39.9315832621481,41.357478979492,22.3828570021532,32.4713485144847,48.7362499730301,100,36.5036562943111,68.3724062921152,89.6135092321266,100,-6.63635288443427,46.7170711903542,23.8453538269352,45.7519236838954,100,62.8903489608532,54.2575906616694,29.8670775705449,40.7273044558836,43.7972296267561,49.8571428977488,26.057569425556,41.8902824978848,33.0839790226116,17.0165004765905,55.0482328929705,29.3531251806563,88.5375656101426,57.363214246897,43.6142531915935,68.8071052047067,66.4696939115601,49.467768638019,47.6883249482068,41.8866255932444,25.1969958633222,63.7707690762275,54.738469053763,29.0190491030407,35.5363667717148,31.5804757561011,40.1550809776261,28.4775253169964,100,41.1676152988616,52.3700062990873,36.8022052087018,39.953190547477,100,44.5929282893901,38.2047967480843,45.3558733847043,100,100,83.5520329990879,17.4391453499465,58.7365827196153,32.2710010682855,21.2480696468325,85.2183740987671,67.3997124084642,37.8619432338884,57.775272508842,22.2489272695772,77.8146347609925,31.7676905989472,15.7560561590841,74.2339257653833,46.4609313976287,92.7730324751614,19.0715467751674,16.214261771856,96.612866110419,98.7606569874172,48.8570178558542,78.300619876214,42.4326211945408,66.0180722687878,40.3486773365376,22.5531576811298,84.7620006696606,29.0749427482879
"6113",65.9693306475457,33.1767258383416,46.744057097863,30.0696244562995,47.3434180460931,100,66.701896048254,88.1627439381686,49.4887441936425,100,62.8678848411047,42.7106974233069,100,53.8959729267243,75.6956081089329,0.922477619534607,60.5007841272614,57.5102036237652,38.8689588603643,33.5930666748238,22.8549221838671,82.7446068559887,42.2899734898859,100,43.2834622600987,68.5096933999435,89.4937449223504,100,-5.12421693263652,43.9810810250743,24.1229782344986,55.4538917558641,100,56.4031233492895,75.7827309670812,55.999755195669,39.4399472797798,43.8981004953432,40.8983463578097,31.1351548778552,36.4980509980922,45.756436895303,20.663655015644,41.8028727298645,29.4919153602809,87.32486147495,46.9959128496378,43.842853964007,68.6283243598763,71.6167596112413,51.7085183239817,37.4259416752297,41.6783246506764,21.9652601772122,64.593487772837,54.4285456295413,28.6442088801394,37.231493293372,32.0320586646718,38.8495274837589,28.3492878974547,100,41.1790066532928,44.7336144567673,42.7980041332791,27.8293836449839,100,48.5206044256513,40.8791688861953,45.7485239771738,94.0337737537245,100,83.6077610565889,31.3485602440622,55.9613261871478,32.6370523558662,16.0870555238497,78.4393357479203,81.8724777811756,37.8408786224181,58.7629497503536,93.1560025107544,77.5041161430208,52.4382365752616,13.776232909651,73.8906003504842,47.1217215131691,92.8591840898675,18.0432486282533,16.3942181054976,99.3359288442601,94.243692395189,49.9962542690778,82.7549253528952,50.5519746019113,66.9286581617177,42.5062128845779,22.5613171039045,83.832929842751,29.6599959800789
"6114",59.3481031296289,30.5484598865215,47.4703301483975,26.0694814608519,51.0947512172242,100,66.6646529011131,89.4713912452632,49.0561695592265,100,60.0620559807366,38.7431678648776,100,60.888030019207,37.3025508202676,0.676303713593672,67.0984727361584,44.6277567834065,50.0599070985166,32.7425340502173,24.6525616810462,59.3760287871374,59.8838232263885,73.4533132474553,49.5995060597786,68.6427558229503,89.6350787363078,100,-7.58574771888591,45.1664064322851,23.9525257659177,56.7802162309033,99.9473947512613,56.0394206505687,55.6975710608063,51.4984655512713,40.1193546757679,45.3695287432366,40.6858181878133,23.8577443546881,38.7290975900883,33.3314515403765,15.6522204342207,54.3735697295724,30.2732624102308,87.210846961295,55.2619300783881,43.6516784208087,68.8290344239845,71.9049029528681,43.8771988619102,37.723117986434,32.2310923210786,22.1488106695416,73.0072661041331,57.5792704627721,36.4676660796855,42.5532990744029,31.9025819945063,48.4271569270517,28.0955584472194,100,45.714233220203,43.935044549388,35.9607673176394,27.0107359594036,100,52.1603887949824,38.4266121761599,44.8181880594775,100,100,83.6210525063111,33.3871532622909,42.8385333377163,42.2153927116809,16.4085917693337,81.5615106745117,42.7809092441467,37.8296684499937,61.172969442096,72.6929188148786,91.8776656108791,31.5567718031172,13.9325008327781,74.0180339306305,44.4590181319057,92.6328818009225,18.3775616463875,16.4712106345778,96.1092923887223,100,48.4948144367931,78.9255848778212,41.8693906229539,47.3249794067463,41.3890442699536,22.5226623788835,81.6332140363847,29.8445571927598
"6115",58.9544586571384,33.3090513711036,59.9726256028922,26.2622278476957,50.0011448638724,100,66.5939433058174,88.6867736194592,49.6274056192243,100,57.5937846551597,38.6605346391279,100,53.1372377971252,37.7890043048546,0.964074377178843,65.5478868209109,45.9754341855358,40.062526829294,34.275326129699,22.8237384027487,32.2178774693402,53.6361052961071,52.1509613741362,47.2651532189417,68.6955004742704,89.5811771139577,100,-6.80289192391285,46.5080627377887,25.0404308974176,50.7111559522381,100,56.0352349014376,58.9508591042795,84.8134751020618,41.4224259015612,44.5854971144499,40.7003385023224,23.8260467584559,36.0037240099853,33.6965482161406,17.1666366266678,57.5441544181671,37.2745005721409,73.0924150929427,52.825169690511,43.8477537665941,68.8182321472263,71.6409602209248,45.5447014895794,48.7084534707095,30.5343500287416,22.2313209500798,68.4428327515136,58.6889787833942,29.0490217016946,36.7598093648728,32.2310686446918,39.4922991699651,31.9516170561064,100,41.0542273742978,43.9549325573791,36.514856725328,27.8450648251641,100,51.6296571607584,40.6843294961125,44.0712310410907,92.2820406417163,100,83.6131952859179,17.7891959720627,42.6520019961771,36.5064343292494,15.9950363958503,80.6892390532459,42.763845171714,37.8910648663981,61.5040389866411,34.0994773977522,84.8806492891321,39.254660160327,13.8482892483986,73.7236061037686,57.7788651403546,92.7604928256477,18.1075599892507,16.2703013789693,95.4083013483406,56.4876212596273,56.2316263235792,81.9377924277957,42.2586662048025,49.8638742251912,53.075921467612,24.9181018342805,85.4627093373974,29.5177798901518
"6116",58.6668593897772,31.2573795965571,47.1350872837395,26.2423428684328,59.563722522377,100,66.6456435711169,90.1051915441536,52.3527705896212,100,62.812652675484,44.7338851588841,100,35.6517835047801,39.6435550310521,2.00276504541401,70.999550096484,46.2674675381464,38.466623270752,32.9200889137418,23.2212741484507,33.2328549504221,41.2550267002808,51.8383987255605,45.4905632519689,68.4418078148591,89.5440998442329,100,2.82213331222795,46.3184597363517,24.2660795807398,47.4438869242905,99.9426293855278,56.5805562897604,54.5577942056591,56.4279697696289,39.6607056833511,75.8884464203712,40.2854428610235,27.6123048830035,37.3586188992008,33.9296240100045,15.8814055835617,61.8318154001072,30.137704372409,73.4603622806827,52.2670830633204,45.2996145838105,68.8199172757765,71.8992161311706,55.6745327564555,38.7059739800697,30.032652405617,21.852921720658,60.0499204297486,59.6541061476964,28.500128457506,35.4196748275802,32.3011872220612,40.239706768667,28.4605062290614,100,41.9594087355447,44.6850613444948,36.5221133412133,28.5731571204751,100,51.7481829387991,41.2348940024956,47.5416168015862,100,100,83.6584538124152,18.5114913354506,48.3212792815171,32.3752952565515,15.0505115683326,86.2127218798523,44.3658343684939,37.8415816824209,62.9798529042987,23.0850526757226,84.62191096025,30.7656667871109,13.7910727583044,74.6001047088925,53.3294165151391,92.6990545710263,18.2615382695797,16.3593007191213,97.1406196273822,56.7710835571933,60.1396982733271,81.5720178226613,41.3009775293583,45.1585924983889,40.3648173564066,22.5337655728721,82.6267855344081,28.9750155215824
"6117",60.3976464541861,28.1619638107639,49.6694757212521,26.1390237661177,46.4822301741773,100,66.5483808250433,89.1938346865052,51.8116413334138,100,68.5769562771221,38.7952093593121,100,48.4598723703722,37.8022198484226,9.63061457329479,71.6492244656847,46.0159793880944,39.1769069021483,32.7363275851112,23.36729183697,34.0982543865385,43.5027873788506,51.978765566817,55.7656262124045,68.7487957157812,89.5587124494054,100,-6.95810640552073,46.8003240326628,26.4465302520388,47.818261697579,99.9857652604635,63.2390636782155,56.8624188073054,45.4185156399904,39.5743605109537,72.0452955955795,40.9893208656649,24.2784267403053,36.0735172086893,34.8388198005491,15.6183874643447,57.4467323892056,38.5416961604649,73.7641440259386,86.8787026666396,44.5253823171047,68.8254683304976,71.801501117048,47.8887323630916,39.0888047756526,29.932028919363,23.5935432521445,85.298979970653,59.2545364142776,29.2143251777706,36.7692426371757,32.3907026261795,39.0490643090635,27.8313354535217,100,41.1589760870996,47.9965875596297,45.1631882820605,27.3159696005699,100,52.0624901319965,39.2832247702756,44.6661771357613,100,100,83.3849575316524,17.081843283335,43.3148454875627,32.3380382718251,16.5492788723164,86.1304049559407,43.5982994586524,37.7647254396267,65.9194861893939,22.8511888907137,87.7542384878777,31.6913048861934,13.8943773258916,73.9116286972226,44.4273715738401,86.3725123903173,18.0415662593566,16.340590311163,96.0525778700175,84.7661800856572,65.7903479644571,79.789258133976,45.6982868191011,45.3051795665692,42.1976992929875,22.5289583001475,83.880364156283,28.5297244124555
"6118",61.9996163365296,28.7185327898888,47.0784755403623,26.5309407102775,48.5972013998464,100,66.6904233644686,89.5241121443399,51.139338212332,100,62.4764732670462,43.4112746297638,100,37.7514741644493,39.5602893296778,11.207227815531,70.9586548085712,45.3286575060495,67.5497189131324,32.8447776661497,23.0149868394945,31.4624427530239,43.8350232366538,100,61.1274531747117,65.2083376518901,89.5686970275913,100,-6.1299576830453,45.8909559733371,26.2872035734431,47.4033433508769,100,56.4671073048582,55.4234228378705,51.9531520575031,39.6594843477683,73.7902323903012,40.4666916501523,23.8046698506712,37.0820826922505,34.3424911912739,14.9110548963897,57.9372203623581,29.6122848691516,74.4073838919911,65.3659406654917,42.8948179429866,68.9816160531875,66.6317787361519,66.324396622983,38.4638072514394,32.2991186163569,27.0753438182968,87.0907462885054,61.2895013172197,28.7222636100348,45.0427371482489,34.2129182108939,39.5888449505742,28.2152670955653,100,41.1301301812615,44.6869903516681,36.2465884358026,26.8272782523739,100,51.3456419219616,61.926369909559,47.9388254768971,100,100,83.5605227465955,16.8681412397125,41.9597980072926,31.5985111925404,32.7134177583742,80.0803096930229,58.0508187264551,37.8776596811817,67.8265442721063,22.1149055324574,82.4181833352578,32.2518750640182,14.3231243404587,73.6693530134622,44.8083233751308,92.7166595936376,19.3572790713963,16.2224338761177,95.6631963444744,64.6937991589732,56.1184622187485,77.6089039842968,43.1399650352724,43.9351623975813,40.7179126159082,22.5598710422337,84.7061426436704,29.1230018260203
"6119",62.9639464850059,31.4220128188498,54.6238201555351,26.4972123458868,49.7108166765275,100,66.7876124145233,89.9761877969416,47.3165472394143,100,71.5965533857896,42.6549623510482,100,37.0520944858779,37.7040030799342,0.965028655169245,70.0378600219875,45.7043805536699,38.7187321892114,33.3571097473937,22.8303852947412,32.9076718043959,41.6164762381681,77.4888782984129,56.2318766018023,70.1876251890887,89.5989522007133,100,-7.00434580010579,50.0537571815967,25.9921956742713,47.9006075949936,100,56.0795722894387,56.8446153198473,42.6948518835099,39.2639799934262,87.0051956693437,41.3201323054608,23.7374575630957,35.9155867809789,34.8070700940741,16.4766919540215,58.7650929681976,30.0294002826366,83.3151501586928,83.7790455810597,43.1803936827601,68.5482903748133,72.8777968632168,49.3799106036115,42.1787952405331,29.6460925282325,23.7207073589778,66.5459262890582,62.3234380386182,29.2020866352699,35.5387357290488,36.9800760020183,39.9315521415123,31.4309262065637,100,41.2982290678301,44.0670574778386,37.7431137966202,27.9635708639441,100,51.626843845182,37.8987456138891,48.4470350774738,100,100,83.6063740870501,16.4373861088633,50.5140702625091,31.9995475090197,16.5898891758322,85.3477919238524,45.1264123199896,37.5919384551971,74.319695836754,22.0891096848729,97.789464466749,49.3327770130901,25.3409562463829,73.5279197541158,44.6064560055503,92.7209367898874,17.666335474826,16.3721729013059,99.1538903456783,62.5748875601256,48.7963881281745,87.165348139047,42.9922830312145,42.8414298412556,40.6019808343236,22.537681185501,85.2218421029547,28.5525031198163
"6120",65.8127545551085,28.0718474964925,48.6148195339951,35.8239771114855,52.7757862375994,100,66.579318576843,88.1783699669123,48.5208845404676,100,57.4050200796412,39.2962628811226,100,36.8052143775513,69.4480192899825,0.907878264201162,68.9009699255304,50.8466303324002,39.9876348966926,36.2871638924439,22.7415355775908,32.1523300316372,41.7501642330696,66.1097947188487,48.280046676029,68.475950870543,89.5038592463449,100,-7.89538738872911,52.1904709286353,28.7646803642764,46.5677791409022,100,56.2557753593006,55.4548766846798,55.6437037713082,49.1167003150868,70.9922201298882,48.0887345509324,23.2565596745585,39.3754997662387,33.8799661742528,27.649607842605,55.7381623714191,29.5305982048071,75.0149195888864,74.6719978584267,46.2113891845703,68.7148722059109,72.6337229030711,48.8280288171703,36.6677545009477,36.2205985596532,46.2348070640664,70.1181426719119,65.3512640478888,30.2284337528992,37.990588612654,38.1831858122371,39.26729091655,28.6613865615926,100,47.5230602609867,52.3424301287839,38.3044399280777,32.7950161933703,100,51.1805736505621,38.5486526128564,44.028278552832,92.235041434821,100,83.5347526812303,16.7197715844232,44.2800732743863,30.8419443109505,22.0558749341897,84.2518243894413,46.0890911490012,37.957057008757,75.2456983701417,22.57871260615,93.3754471010641,31.3498155745099,13.918044792518,73.8505594935016,50.4040452052908,92.6548950554165,17.4227394146935,16.303931471384,97.7364820400494,55.7707651191797,48.9745811124617,81.589144482184,43.4914769400987,50.1836508871026,41.5563200317188,22.5627090258211,84.9971119594351,28.0833333852098
"6121",67.9408142196089,28.2517906154355,47.3446997079224,26.2936417574819,49.2916794493401,100,66.371128845873,88.4726439289438,48.361545457158,100,66.0058134593117,39.721568825084,100,36.9043378468898,50.62212733199,6.04650682720388,69.9525410421035,44.8060514870128,38.5987905548427,33.022167796848,22.6537638318263,33.0458115155029,43.5306106931382,100,53.6808353405283,65.1524675381478,89.5738129736728,100,-3.54391850394838,49.4290873962798,26.7162477459638,60.8729042152011,99.9815971408468,58.4114207209404,54.7177451478579,47.6566763445719,40.1850633485857,62.0318696904208,39.5550561877616,24.4346478259065,35.9628502718733,36.3586505128308,18.6366385499733,60.5841691191276,29.1944615513937,77.1387397294868,68.8895155733536,50.9056445978289,68.4730529880623,66.5265139826004,49.8546629672026,36.9586568284794,43.1181406265739,46.0733040348208,77.9292340492882,64.0627017355316,29.1438896494445,36.7036547686508,39.7202372447886,39.3036312587632,28.8503810628382,100,41.2188528390757,59.75389541974,39.8656305447345,29.0424894999364,100,49.1687855019477,40.4269185347114,44.9137254417209,100,100,83.5218887835511,16.3997138438872,48.434569907998,31.5336746389614,33.2094317710277,87.7310465790994,44.677240726736,37.8301354128356,74.4954924253925,29.8105543232514,94.1129350587581,33.0177624377645,13.8264723013834,73.147289652718,44.9032856666902,92.7139368611554,17.3099776741172,16.3501323503392,98.193257595645,70.9395371432038,50.3671920709581,81.9414584913199,51.0856227288205,45.2757627763525,40.4968120395868,22.5178061616088,84.5820220747046,29.5560491532253
"6122",60.9534145340797,29.4965305475677,53.8800600197942,26.5163178865764,50.9292604951722,100,66.6500670327462,88.3216858559049,46.9624529699091,100,70.8251168364748,39.5957696913766,100,42.1647646821336,39.5503567441857,0.972675665510504,68.4115918468625,48.1023757277594,49.1189370734917,33.0615163026456,22.7041834898751,31.9196716095722,41.4136692274891,100,52.1266742207807,68.5556317917354,89.480656245263,100,-7.19236437921344,49.5370624565254,25.1897819996977,47.2246559892464,100,59.6019541227605,58.885512859309,52.0715187163048,39.5772921873674,55.7902897572949,57.3479701346622,23.4181535410839,38.8840298918734,34.0958395065622,14.3803867346025,62.8717111539691,30.4401388208689,88.6401788790846,72.2015259173387,43.3435090619054,68.7466460077951,71.7539637867218,60.6269741702605,36.5529222612393,32.4340425620549,24.7949869743078,61.7775735331285,61.6558021353449,29.4544631661927,36.252271792772,37.4051890541915,48.8827365948467,28.137205978877,100,44.892908116,43.6223891521276,37.3064657568662,26.8114026234657,100,52.261563872707,40.0946676372942,49.5780001189587,93.9002729954536,100,83.4812731144982,16.621782487276,51.7306211762247,31.4595013559801,16.2012961840207,86.16338887163,46.737258556196,37.8353003347206,69.9458319992681,22.4243523165854,89.8703496735176,31.9034430389056,13.4755922546047,73.5084285588925,45.6886166378859,92.7651353775686,17.2493938543661,16.3620371987331,96.8315287606116,65.1442866626354,48.9477630153976,86.8861463436991,42.8090269627996,45.2400387302133,45.9946396498054,22.5517532465601,85.3828896825962,29.0381617508011
"6123",64.0738822349768,28.0425053645448,57.5894806746004,27.1316359614762,48.979527166314,100,66.6598859446565,88.5769495255361,47.6870484587992,100,59.2914738643351,38.8705071100285,100,39.0662277342322,37.728085113247,1.40424290501027,67.5782367745427,45.9339646388342,38.9536233525177,33.560859344919,25.8634330801163,31.2416936488307,61.8380899300007,94.2047226441676,55.7627867223501,68.5271076300866,89.4908230491177,100,-6.86737247121619,46.4510198080642,24.0686754729008,45.5042241939444,100,56.4766081649666,73.0986200900598,56.1315974656119,44.5087390180946,48.8816283509984,74.7930830650394,24.1678933304055,36.0798784198661,33.9312593816513,14.8821725101795,55.2163195764338,42.3857070508085,73.7358010465557,72.8724535046721,43.1608586691335,68.8083615787734,71.9067272581653,59.3129235275131,46.4178725613378,29.5261885160103,22.4375302262204,56.9266972935607,61.11010440694,28.366856302408,36.5974250760655,38.387935081845,38.8459939241797,29.6663425337549,100,41.1586641062184,44.6684754608668,37.3440609337483,28.9424479318211,100,43.9040246716466,38.9307249850624,45.2935570315887,100,100,83.5203480780618,16.9607696341946,44.7779046298291,37.9361249014759,18.3236236412153,82.8030225996621,56.3727299524791,37.9897906678532,69.1650443689994,23.8179569505805,93.7508281845118,32.4760907202146,15.6239953864811,74.086648398305,46.3831386705321,92.8662362277058,23.5969073891155,16.2237899633176,98.7854169616007,82.4453992925836,49.3776513442674,81.3475756564289,45.1536160758385,45.3816016128604,49.9750601205773,22.5880887047687,82.2190146740128,28.8794547815281
"6124",69.5946764029623,30.4260880615884,53.6302887573091,26.4247197035584,61.2315925135626,100,66.6505321756179,89.0368992615679,50.0841082178793,100,61.06635614181,47.4816863698722,100,38.1759437192225,38.0811353301208,1.89498180052759,66.5472636442598,44.8967253837904,38.8890974212393,33.586611037041,25.3197129049862,31.613945204806,43.7054194348459,56.5318585785151,52.1167524016358,68.3751044956224,89.5936661761801,100,6.84906762544293,45.6824606419594,25.8625617643714,45.4354633011877,100,56.3838542966922,58.6015260294969,48.1208631158009,40.4491354485382,64.9751238320736,59.8826260292255,28.3310120003979,36.2939859224692,32.3685984831913,15.9477478124327,58.1772247626922,29.6532662251982,74.374224472745,60.1344845969611,43.2809513442893,68.7315819262891,71.9599472372453,62.4908238439953,36.1265283201789,29.81648936179,22.847242801157,63.4116860086751,64.9086072194945,29.0104429218578,36.8063449991798,34.3378551578501,40.2457660653122,28.0749430443917,100,41.1816678551564,43.991485338638,36.105381821451,26.7416696759886,100,49.3781608479321,40.7090370756643,44.6875379468664,92.1152264521869,100,83.6544368474912,16.8367027218761,42.2317859586329,52.6839714979898,17.1896798287771,84.586311847711,45.7460055278261,37.8263873157684,61.0018493170486,22.1986609551656,84.5139310396785,33.2747211328329,22.4657002580643,73.8037992498805,60.9437277130986,92.7035869436938,19.544630581184,16.196551424941,95.657634170399,71.8160316228057,49.8214414022155,83.5049278401972,42.793716049898,57.3514241415338,45.7426526556488,22.5748312416301,85.0926530550366,28.7621360100833
"6125",73.2481975899882,30.8304690289854,49.0320883454095,26.4583200761637,60.1834058747083,100,66.6836589767674,88.652082953615,51.9555818089897,100,65.3649670323757,38.5593953637777,100,37.6912185273496,36.8492722240951,0.627566777538103,72.3224854009021,46.1158513801074,40.0858102912145,32.7804268901914,23.1809009522785,31.5257136913231,41.5222108997029,51.9981347423469,53.0225463850634,68.5957015372487,89.4818334594959,100,-6.57370443545988,42.8429173201204,24.8971947406867,46.8943054337605,100,57.6513162422792,58.5520334361473,53.7070789145206,41.117134359699,49.1939834055708,62.6877441884683,23.9059311354737,36.2117984169447,32.4944972357568,15.8045943207813,57.5324892036555,30.4343596819164,75.2730746794027,63.0254559095986,51.5103048923512,68.9621792617852,72.2125884757887,41.3619030771366,36.6006037065548,29.7052654831676,23.479282696439,71.546376147173,61.2489712775211,29.0246806265208,46.6371359984927,34.8434271764446,38.8596648521367,27.983427451461,100,41.1812623405624,55.725626544532,43.9835727413909,29.316158689673,100,52.0380768638631,39.4609156121147,44.4988446838575,100,100,83.6444714681481,16.7669008071846,43.2749549194815,31.6033443125768,20.7442401064657,86.5285152034914,45.4262491115346,37.9062289756388,60.2286258705797,25.1444101866711,82.2556525108995,33.8107459436017,32.1417992100805,74.801438145024,47.4593152983099,92.7510524070876,26.0697534795601,16.402409357675,96.4946986473984,65.5446243960429,51.314443770293,81.7584261954108,42.6042980650931,46.3183627305426,40.5358691183354,22.5387159138757,83.3038929707691,29.1939109608627
"6126",75.7410303559107,44.5437024751517,48.2657000054297,26.5035648408783,48.0956477560162,100,66.6616185300288,88.3551923575919,48.8230089736276,100,59.5348507267422,40.2049293467054,100,39.3116369923307,39.2922029896619,4.79225148648132,73.2954430181753,50.4509200661752,39.8697618568822,36.1440569281052,23.6129380219675,81.2080939041089,42.1886276178775,51.6549239913864,65.4239050703368,68.2686175250594,89.6275109924204,100,-5.59342306916289,43.8399683732323,24.8857339871196,48.641185670991,100,56.4058311181255,57.312181322897,40.4062906082412,38.9738819670758,46.892917511583,60.1175700899865,23.7157167667749,36.0366818010895,33.1410687414306,15.6484274730539,55.142136856365,28.9051615112844,88.1901233035191,81.4703076941151,44.0412004989619,68.6574765927033,72.2661628549549,42.5633312910702,36.506732831019,30.0759990616343,23.4166897433486,60.3190335306341,63.2394464991138,29.0305592963442,43.7423697287157,33.0217048473425,39.2069210864673,28.4275186948555,100,41.1849573308588,55.5698807341091,36.3721331964752,26.7829737312709,100,52.0629070054777,48.3632540561917,44.4192504927797,92.3761310015407,100,82.9395672551785,16.4771921988349,44.2542296960637,31.7390418773302,15.6581690701725,83.2147741140167,51.203307754078,37.8273537372185,56.5523667540941,22.9622242831269,97.0908000042183,32.5537078411126,23.420488858067,73.5240019486782,48.158012858036,92.6922979536177,18.1412414979761,16.3140496190717,95.5580371196953,83.956047031367,48.0049927353103,79.2880024433833,46.7778331613152,45.442483829842,42.3427273538932,22.5546982920919,83.6794376234807,27.9927052466051
"6127",78.5710718256402,33.4481177383875,51.6196476318801,26.6763856338423,62.8020754278287,100,66.5336600744599,88.8680165897263,47.1397376631599,100,64.3818983541628,38.0556892773768,100,36.59922749143,38.2945573882961,5.57925003018069,71.3808611615076,47.2416152316145,38.85768745651,66.2002159250464,23.3811569794834,48.9000664520712,41.5204606338637,52.1587789562161,55.5173308841438,67.9995754296656,89.5858674657106,100,-5.97914071249631,44.1344632479554,24.7263686775255,46.0238804121315,100,60.9322854445499,55.7965270394973,56.2262734188885,39.9425861472611,44.6803658950506,57.4454592378061,24.2122452580571,35.8587637639028,32.2161876281439,19.3289186554361,56.2750220015165,30.207100787187,75.7158337857741,59.086208136531,44.9081450272772,68.7156906347914,71.4287369840962,42.0926255024481,43.1835675772613,32.1347594180277,23.145106960885,58.9160337219451,59.3274884156601,29.5780630827835,63.8681524638851,33.2762459031097,40.3337236238517,27.3655321817617,100,41.241974567657,47.2450522091589,36.5175841646643,27.3969186739994,100,51.2637952239002,40.1086906483109,58.651027210012,100,100,75.4284056912718,16.956049131387,41.6192767224938,31.585537907441,16.6371315558531,87.4956026224993,44.1619147739755,37.7494899539614,57.1983671438265,22.1932307744185,93.5469270408775,47.6614051313752,15.4693500675824,74.0358180953459,46.8718735317864,93.1280115650698,23.8783318604178,16.3464276199462,96.7831091180733,73.3981922786838,50.6456190795184,79.1370206911365,41.4060717450978,43.9443563291356,40.6676595135659,22.5558326664895,83.2111109559666,28.5674703654374
"6128",73.1378014738758,29.0919583520409,48.9968786964095,28.2132769398324,68.9253388879834,100,66.6334348680143,90.0646503782062,47.5389696516802,100,57.5105237775135,38.8777695385604,100,36.5606872958389,39.5820480603951,2.46881021693441,69.0641478253827,49.5585854189572,40.3102794923599,58.0962919060511,24.2797658168605,84.8905622848467,40.8561699702053,51.5417138130343,52.8037476507417,68.3083548203918,89.537956228294,100,-7.1155238111612,43.866709387342,24.7986835503389,46.0296502021769,100,56.4050544908677,55.411338789303,34.9521181587416,39.7207512765895,46.1897446275014,60.5390552704759,23.2509240280011,36.0111175089776,30.8561677391027,14.9643245190774,54.9077797375795,30.1011716700939,88.3283034934103,62.8060733532317,48.5450917173011,68.8067194503114,71.9177497196882,41.4123820115501,36.9889443205279,33.9270609639091,23.3336703965921,62.779269132064,61.2127172190242,28.9989733739415,40.3270542349007,33.0454441270196,42.465159736676,27.3615207258378,100,54.0657380185644,63.9310555389907,37.4582942190164,37.0742053387778,100,51.0248881013731,39.0871409406182,59.9080834570875,94.9753855021421,100,83.6611395035913,16.9393353385658,44.5243685970268,31.5664845628518,46.9811968907482,84.5727005808657,43.1119287639388,37.8557523886931,53.1671793264817,24.5602322563427,87.5048579214687,38.2146182113262,15.954077428992,73.3483839478467,46.6198785519382,92.6972071597071,18.8242812655247,16.4067269790889,98.5564099302037,73.1368569501162,65.6671591770017,78.46685324736,43.3437326009704,52.8998023207421,40.7474992099934,22.5065571658361,83.5974551681332,29.2693867758324
"6129",69.7511400235052,29.7240218187128,54.5944956128915,26.7325365400703,48.8420285993663,100,66.9835900248115,88.4652711799541,47.5662816163405,100,72.1044046976398,38.9282582140071,100,38.2400578896763,42.1320096543913,4.39360694397973,65.8613463102422,70.4016532474567,41.418064036948,78.4944893653753,37.5930539996814,79.4155429254672,43.3594880920418,51.3729566327145,54.553384395621,68.8732395390922,89.5142411179314,100,-1.8945833272732,41.2394098249178,35.5724053875151,72.7358527987301,100,63.3343086389709,58.5221041933478,53.6004812657078,52.7537922148908,44.2712396360474,72.6837157049621,39.4268836281061,36.4229292180942,31.2666001916079,16.0621982078116,76.3050600580591,37.8282914896377,87.7577878644694,63.5663046315535,45.7810355477472,68.6885960721851,71.918794632984,42.3536492568119,52.5014741226186,65.5516463937343,23.1267974294305,68.4807762707987,62.4072847784938,28.3862117563594,36.7333928964777,32.1270190756612,38.9778175513231,33.9659467791845,100,54.4993599507036,44.6978685875323,37.3257155214682,57.4421162592754,100,50.9269028303573,41.8392639956685,52.2709896776005,100,100,83.6506766654664,17.536086391038,54.7180432950309,49.6524976724903,47.6306328511604,81.6762829456398,42.8015669961727,37.7961791716077,57.0076588885519,31.9824060544295,94.4652352389928,30.3453507444499,17.0887958481015,74.0269988209718,77.9176093880576,92.8509913100794,18.3448506634388,16.2840829057417,95.5070272327889,56.393529561303,63.9053180044515,81.4800102905743,50.2419901696563,45.9232938001626,73.2286091642556,22.5348683409514,83.6245238390499,29.3765857420857
"6130",74.5085933344787,29.0573374166469,77.952562634548,26.3458422854752,54.2557631325336,100,66.6907806555955,88.5340484300717,47.7890253446162,100,69.3418385432747,57.5038242840957,100,59.1521017635653,77.2734227105833,1.24544359197442,66.1695999360767,71.5445458234763,64.8631892807344,35.4708242586661,27.5400345217208,47.338639633951,81.2258761013256,51.5469122766603,50.3003727609553,68.4376098355455,89.4818426568922,100,22.5043542874528,40.7252366727059,35.4842112376689,53.5581709301695,100,56.2686620630898,89.512969267027,53.3650576500712,38.8825892597731,66.9246100201237,42.6607355851656,35.8167264875338,44.8146457358074,49.0486268584663,16.9971559128796,55.6943647611599,44.8797722792505,87.9974779492354,80.8491191257782,43.755403101784,68.6370587561046,71.3752907908662,41.7344349390543,69.503438748064,29.6399036463691,21.4033743380866,71.3606001663786,63.2012428678301,29.3383358536947,75.7173760670753,35.8168413220422,66.283036491849,39.4107505153785,100,52.8492265521891,62.1806115207471,72.3257250770344,33.1480148981211,100,52.110817072231,84.9768739634035,61.3120438707612,91.4771370836609,100,83.6701863155332,17.8774424652687,66.4632252040061,31.3876809935252,18.8755447505006,79.7924698014707,78.8183819197615,37.7887000609208,52.6626754375457,58.0380970051409,92.986422033538,72.2950320377019,13.8505100403833,73.57487121052,54.1611380620488,92.7017882835299,42.8561121365763,16.3193225046067,95.7123838507838,56.1461379094948,55.0680571869616,82.0818649365971,66.542626700033,64.7542461246771,40.1990950320323,22.5927998174364,85.7345303205288,28.9122408934522
"6131",69.4434351627785,28.668216725874,66.3172607195761,27.9255841128698,48.7197148603143,100,66.6724422334164,88.9169539288685,47.5668229671281,100,59.7927834642335,38.9266582774824,100,61.258499970619,94.7833437410834,2.14392119691414,66.158007643161,70.8754804352153,51.6650216081834,33.774739021939,22.8998774172966,44.7922877832916,81.4440244096159,52.2006881318542,44.8287801774736,67.9846361549701,89.6355260401884,100,3.22061442375016,38.4733173976199,40.7707248918445,46.8413777274732,100,56.7329576412077,92.4395085187158,51.0725257523898,-150.220020193351,43.9079771840413,44.2885218983157,27.338443742258,36.045907200727,28.3869180789959,15.5783376834882,54.169711457241,34.8190744980941,87.9598014955146,66.8916781018573,43.7293152805238,68.7665364784339,71.5249180518752,41.8801213780312,38.6270332111765,29.820043159995,22.6973892109426,52.1899667222119,62.4849334159791,29.1711940592928,48.0609473514194,33.4556775225933,38.9954876935659,28.7961786783556,100,41.6638090570484,45.005113863962,37.5886034528744,-281.202607656436,100,51.6200051163999,44.8328472988263,45.6308081337324,100,100,83.6006900606703,19.0280626391144,42.0598239181769,32.6895949652166,22.7675407363843,80.8671173105579,43.2738578318939,37.8333557575932,52.3343251784089,22.2620034168666,79.802870950565,33.8773477373366,14.5236812684985,73.1760223490186,47.9349681809222,92.7769109069267,17.9000171364976,16.3162039490051,95.1353284770035,55.9267605611924,49.9257624302682,80.6269331646997,69.5846186680364,46.2220945323318,71.074619718988,22.4872159959058,85.6479568572339,33.97240148754
"6132",63.1867286807396,28.9098002370035,49.2944064400487,35.981957932397,50.2678409107454,100,66.7085878182649,89.0987599264899,48.5402826304778,100,61.8918826880149,39.7306119838946,100,36.7424627611124,100,4.35006714179338,60.923384640743,45.8329611289703,39.7146507570515,39.291403595737,22.2336860164206,47.1713385822542,41.3488443983896,51.3222575378321,56.2040376040408,68.5427413412544,89.4987920033771,100,-4.86995292784088,39.3516690501287,37.2449678833075,45.7336370700655,100,59.4018307089843,85.1098233647722,54.327893258038,-37.2080176920524,48.7926188568833,40.8173714959627,29.9294941291491,40.8541290325481,-412.304298766226,15.5724408229631,58.6092550991615,29.5161985527716,88.1872668902261,66.5342937960833,43.1279510509102,68.9451566584562,68.2358956672916,44.7628995163921,38.6340804899909,100,27.8031709300658,54.2840398701701,59.5147093487347,31.0172709293691,34.9863625294708,31.0359425160167,40.2492739392434,26.6532059782206,100,41.5768009096646,45.9617753272052,36.741768357422,19.7848436601739,100,52.1827060008102,40.8949958137495,44.977527406196,95.0164981174894,100,83.6249572598514,17.9498443981267,44.3593473780323,31.0248810198003,24.2909767122235,84.7678123064237,43.4854008202424,37.8499426577297,52.2973991143934,22.3301742794888,80.7099722598132,48.5684144385785,13.7764305645182,73.7977096516177,58.7453976874697,92.7039752975037,25.0667602314863,16.461774077404,95.6054269824982,56.3012331572131,48.78533097091,83.1890455725158,66.9889851330731,46.2110884275574,47.3076661451562,22.566925654687,82.7403731134254,29.6158388798621
"6133",57.7907571635601,28.7236137791728,48.0656063698271,29.8935063958499,54.7224535333814,100,66.4075332676461,88.6043992732739,49.5544122392551,100,67.1910733308285,48.2762854681041,100,35.9508559395019,39.4082070473438,1.45495461241263,59.7215636104201,44.9420920270442,43.3246039123459,32.719002850542,27.9618941255716,50.6403362526626,41.3665466023759,53.4706964471814,55.7116438115718,68.1792983694363,89.5341745699959,100,-6.79989701669889,40.7973081044648,24.6893162278154,54.2704048845689,100,59.3217233521998,72.1107912217454,40.7196157929058,39.4358664993318,43.760562943421,40.0048416342138,23.9172520852257,38.3997730169941,-2.74777407156493,24.2512766437574,54.7587224093049,30.2027749800609,88.1447827160201,51.0121097934418,45.9489138786191,68.8298439640809,73.4813929700528,42.194912242164,36.6806492033299,81.0152234161617,25.5571819579796,69.6290315964274,63.1143848532479,32.2292855455333,34.1912430245895,32.273375113855,39.8079133959589,26.1378200449213,100,41.0117043603577,44.0981341161613,48.599331350409,28.1698880683982,100,51.5276810647186,41.3404117800783,45.8771831313721,100,100,83.5914942133136,18.2949430307851,47.2954095690013,29.6596417682139,17.1990809077624,87.4447301631281,44.7534132668571,37.8115167954555,51.6930524948172,24.2020654774545,80.5392502905275,54.7575267444983,17.87118445617,73.2530482233267,47.5548819877118,92.7990177191338,17.2236286455679,16.1169375650009,97.0949143805725,56.1779340455507,51.266053117182,81.0337586867775,67.5617055430347,44.2933011064401,41.6396233582094,22.5693274076069,83.6343397722797,30.5373174218865
"6134",56.3163343026917,28.9401345492785,49.9522510367356,38.2379106074258,71.1863707088644,100,66.6894784286667,88.6229468928383,47.7918508755841,100,81.23126360557,38.8247044233661,100,88.3263422508274,36.9941214717382,1.66633766580314,57.6114557839701,44.5249284847284,67.7520069796978,33.8377606261866,23.5982379383063,31.8889957972248,44.8085499479967,51.8636309153505,59.7836181207194,68.3764194000907,89.6273434088717,100,-8.03723919552808,42.5665060589053,24.363441501145,50.2389424837584,100,57.5310290826115,54.3241647015926,55.405380978419,39.9262077682602,48.4700023266773,45.3255709045712,23.4929008357284,43.1130672188328,32.8061036567121,15.8776713294034,53.6017211792358,29.9855990594858,88.4992618555712,52.6219377579434,44.657356130949,68.7860004215023,72.4215184074363,43.6750527759596,37.0367721503247,41.2842053294231,22.7774434679564,56.1404439504764,59.0793241993352,32.5288047146862,53.4057685948929,33.0546267356392,39.1500457103475,34.7356327369065,100,41.0054059892921,44.1126709766559,36.2348631503285,47.352416634859,100,43.9543415638671,47.196783344576,45.1299977756356,94.3577929054024,100,83.6252949675575,17.916476868227,48.1557256786736,31.8552812771908,16.1734309784566,80.5566793041981,50.9462504570874,37.8396340923049,58.0633035305433,22.9746775766334,87.5336111223577,33.937658761869,16.7386858498378,73.4886564437339,50.7811081158721,92.7336530633601,17.5531613890248,16.3299957070096,96.0870616543205,59.6724203685381,49.0042756891319,81.598458178524,39.9870215921466,43.2436177730702,50.7659452755491,22.6617757456358,82.8094563346353,29.898490793262
"6135",55.4676856731106,31.7729559468049,48.1546240872006,36.8121677188924,49.4045375070149,100,66.8103331031434,89.5948013130845,47.8285035196116,100,73.9050046674001,39.2425688086791,100,100,48.7453253462647,1.50617217844077,57.3858729543151,44.7519359400746,67.819886474072,32.4302183106697,25.7023863102384,32.0996854162881,44.3527695987789,52.2806509210883,57.4919378964368,68.508466229961,89.5988006822843,100,-5.12178666078649,41.6566517360149,24.7905405600974,47.1550864089616,100,64.6753395840771,67.1152292199561,46.8995222621611,39.7756706167248,44.2307992126015,41.6194596729824,23.9437519979758,36.2656763291468,40.5879054282158,14.6854068903399,58.1605672708915,36.7727251570746,88.7043534019006,59.3851356581312,43.370699197594,68.6936435695856,71.7880147718811,43.8580807844262,39.6747909378657,29.916266446115,22.45127530522,83.4694754901505,68.1452533246611,28.9000363372906,34.3955742804776,30.9244266492729,39.1063333973701,26.2326962749996,100,42.9950819383627,64.935901082867,37.5359789648284,28.3588896077737,100,52.0734847621001,62.2484726217439,48.1840575488223,100,100,83.661374716315,17.0665281322356,43.3995812450798,30.645159125149,16.5086808090894,79.4654249394991,64.2976205719125,37.6196085699205,57.7605173578523,32.6588804158229,87.0256976483295,49.6474498325697,14.7207147825892,73.44046094175,48.0659571819477,92.6905626621995,27.5722460126865,16.3357345774014,95.0981822882987,67.6879830733947,51.2400341190512,86.3804694126124,70.5746592090647,43.813899153857,40.427317578392,22.7022850200666,82.3316028746691,30.1889247247137
"6136",64.767777537373,28.8571289361838,49.2244567918958,26.4579859917818,46.8486259388597,100,66.7407800827018,88.5071811338392,50.0277923251787,100,57.4270740782943,39.1218758995759,100,40.5079056793115,54.248322045828,1.50080399622084,58.8146569437796,57.9403408294486,50.8882455609608,32.3309120918873,22.3666358575297,31.1843123613082,44.2965966579533,52.1377751165395,51.4178631600928,68.7442428690933,89.5928269639721,100,-7.25204142240667,45.2378719477654,24.2976986980893,72.8994580833301,100,57.086115443976,55.8759327444568,55.5685969959952,40.9950465372841,44.5310349321702,45.973150233831,23.8434724012368,50.1976374254441,32.3700795762563,14.9920904665338,54.5454498411294,30.0329504035303,72.9189636452104,56.0262907849203,43.3580379252907,68.7669066861127,71.599896829078,43.9299186472776,36.756677149446,41.8478280462324,21.7651817243759,54.8043067906036,60.2815408995681,29.6401945130275,33.9458148468825,30.9819799335951,38.9610835555547,27.6518567376268,100,41.0275610634269,53.2882623159631,37.604564636146,48.1267068186209,100,52.0130151813162,41.003909301047,60.7688052021293,100,99.4055415102069,83.6290415680557,21.2096299991148,43.818549007762,30.6287009341532,22.7885018096431,86.0240707682983,43.0869828679161,37.8397974206892,57.5060724282484,24.4017957835541,92.1004285811833,33.3896298555713,24.5204650713214,72.7449087426125,50.4232213777268,92.7275032959725,24.7769506392069,16.11902787647,98.0239653773826,62.9855341408101,50.2501422259345,81.7205082877271,41.2499143545811,55.0456143478397,40.9569579062728,22.5598128475407,85.1312752907642,30.0108681433924
"6137",56.3373851067657,28.7446608263357,49.6292999938463,26.2539759076485,46.3682082163186,100,66.7549617165202,89.3678089068304,48.1918902291787,100,63.1539207431382,38.0001151660458,100,34.1660336750155,36.2461524351333,1.45282011713643,63.6133805781825,56.0194107618868,39.8631717199306,36.2996678754249,22.9109331409283,68.3258140229453,58.7015176438202,53.1454891089726,53.5298078960597,68.7861316727596,89.5504505655949,100,0.51459464275559,43.0676952423999,24.6610712189828,68.1003224396232,100,63.9146835410541,54.6068230127536,57.8153235355232,39.2992261831477,43.9545519954082,40.0998466529386,23.7387917061469,48.4861095978609,32.4894043185419,14.5981100038405,54.52191151051,30.605238131428,88.4742120912694,55.5166785355157,43.268235015899,68.748082257764,71.581954723453,44.3456319600302,37.2598039849514,29.8006139797018,22.1636945929518,57.5465636367615,57.470568475049,29.558393775882,34.2426023218896,32.3405030899307,39.628508669302,27.0683579071285,100,43.4200766204699,43.8872221403072,38.2175959241374,27.559544403927,100,47.735269658175,41.2429527213543,60.7046197104268,89.1129530185808,25.7480385735281,83.5584047992173,16.8695182977494,50.6058030768215,30.5629689545582,16.5376195028677,85.2112401443014,43.3454737684445,37.797862026714,59.6648955415656,33.4365673686453,86.2381502572542,33.9654396956952,14.238051080247,73.1798472748607,47.6198321841279,92.7631539482465,17.4504968175245,16.3630039667419,99.0733527081047,55.9455164875165,49.6016090620748,80.2036403177748,52.948105529912,46.4473058551566,45.8214049574099,22.5715135496541,83.3478046986084,30.163504507562
"6138",60.1674926336708,29.0153407511437,49.2900099261313,26.4452472901353,53.4064451649541,100,66.7238950934702,88.8026814246558,51.3450757745177,100,59.9175344589879,39.5973121643869,100,35.6069106599932,45.304547786272,18.4639288006643,64.8090558843138,56.4817314674966,40.0228285674976,34.7216508203847,22.2587650124517,66.3836190632545,59.2443060725221,52.2155484790541,55.2976674788296,68.8642904696756,89.5856584823268,100,-6.71921846413641,45.1109083735199,24.0575263307557,45.197846433598,100,56.6845915378031,54.5077205801449,49.2958135250108,39.7442483546028,43.5833666568988,40.2807761202019,23.7706769434708,37.9514217146161,33.8161193036945,14.7965145631446,44.6530240628688,-101.841158469844,74.2539539251071,57.7316583178775,48.3859258347909,68.7979965261513,68.1693715122515,50.6074338240428,36.072986150941,29.5711351624204,22.178843465387,60.3967204853849,56.5203958512621,28.5505391685961,35.3542464216788,31.9440358528235,48.2274230848038,26.451933075886,100,43.1975963480767,44.2888417024023,38.8581511436653,30.2195288297796,100,52.0336074555712,40.7310367399262,49.3300582159717,100,31.578429366938,83.4891721639894,17.4468642953988,73.4926679972654,31.5643027230257,15.4003502978211,78.6522295583489,46.4252705971471,37.8667093694957,61.3614067733037,22.9602611469653,76.1006709355689,33.481603301769,13.8187346708802,73.1107156668783,47.2159149386139,92.6867767635961,17.5986951872143,16.3158654958933,96.5477358322254,56.7217157667955,50.542463393796,79.7723596066657,39.9190546880665,47.8010940356755,46.0000876374267,22.5653108040168,83.7167268040469,29.9987770055458
"6139",57.5457692837655,29.8840636680506,62.2335291584639,26.2455817624994,48.2994914901263,100,66.692471152248,90.0279136388056,45.0044577117313,100,67.3454215839009,38.3747150387398,100,46.7463440719768,53.6910563132685,19.3913015200749,70.9131294047515,45.3779659867389,39.8677729999255,32.9024369875332,22.1444743611094,32.9454487597071,81.1170257410514,51.0860043552582,50.8509839481471,68.5850824486093,89.5787168389605,100,-866.862423951897,47.0526693543055,29.308496071333,47.0604904852338,100,56.9751031753347,100,56.0952825617202,45.2343793372444,43.9998302527597,44.7006034596542,23.7221597148575,35.756973244169,33.1115369977516,14.8874962628233,54.751903141336,-162.023875352221,72.6832756904002,53.8738511948219,42.9032703745055,68.5039343271385,72.9847139219135,46.9240957510048,45.7610653864247,29.324656659282,35.3008541372324,67.7160507251151,61.6011051439449,27.9629193076229,46.841677979481,30.9620108487781,68.8117681450294,29.3295847120794,100,41.557905510764,44.0055680230993,41.9016907887896,39.7083248325566,100,51.9043924354169,41.0835801588069,45.8560947429554,94.3291838518423,25.7621204269764,83.6826347998315,17.4995083294351,73.9242872480389,33.4593944586358,37.4149118123831,80.7643671970781,46.3192294649554,37.781279187766,63.6963126501878,22.8105810965917,83.092125157795,33.5049752941152,14.7107861715103,73.6547494942938,49.7289734215988,92.7746903769979,17.1018270613175,16.4571958308127,95.2823875398302,56.3419959186595,61.1663528063984,83.4316320824883,40.0627301744249,45.7127825125645,48.4555164948671,22.5338447874268,82.8207524387034,29.1098040031525
"6140",60.0413523647314,29.4747337244744,48.2677604574485,26.801048707987,56.372611076828,100,66.7485693415427,90.07374700734,46.8656423238477,100,63.464801595122,43.9021221004554,100,33.8440877606241,38.3149767507511,2.37327721108533,69.5803090609551,44.5430249224588,45.0648731587491,33.592590557756,22.2576925140661,30.0791314466549,81.3533102924103,52.0722689107979,55.461763783699,68.4765183335534,89.6086706181327,100,-405.097713036036,50.4487685658806,24.6063970630338,46.7114192461637,100,59.4309078329407,98.440228381418,41.9997422258436,41.3283578009428,51.0877951522459,40.0890195506749,25.9096254872217,35.8388629725149,41.3964451561365,15.7210899481663,54.2599152660793,3.82813221660307,76.7444978926716,56.8824292735749,43.7316196783418,68.6428514250961,72.3029129107264,53.75196378579,38.9420947266688,29.006668451603,21.6503458901994,100,72.8985451812684,30.7450908030645,47.8095179992751,32.5877098620921,67.7923403631999,27.5720340194258,100,42.8774189506746,44.7097722798747,36.5637073271955,29.3407385262404,100,50.8940861599416,38.8236960730412,43.9791533110333,100,25.7689831705142,83.6038776312644,16.6817090322126,42.8064073259316,35.7986914178321,20.7932169453435,83.5357555928691,44.1851699469399,37.8382739807126,67.5467832287361,24.8180713676013,85.1675852559116,51.2668872279622,13.3215743608293,73.8914692283494,57.0982698961429,92.7233683781409,17.3196227057128,16.3740387003232,98.9224453590921,72.5647735933591,49.1412818933996,82.6326329340714,51.2795057583195,55.6583072244157,41.9577473712665,22.48350065737,84.7501292467749,29.1191150170783
"6141",56.6979194911051,28.5466964806416,49.4424054383836,28.7856595177312,51.220928810886,100,66.8368956011581,90.1051122327462,51.1866741730103,100,63.7351412110416,37.9293169690656,100,59.0588095840144,36.2646731199456,1.52518145091717,70.276476956325,57.4638390539469,38.4405840803307,36.8998506363129,22.7904431894644,30.3428380221303,64.2983432448492,70.8718588376712,50.4712326868252,68.7006864316779,89.58446778532,100,-4.06622289239171,49.5578530696847,25.158740432475,55.4058855972741,100,56.8681775811794,53.3731178029113,56.353840851401,44.357948118279,48.1751562554022,40.4405344557019,23.3255721668759,35.6094253735191,44.8305310874686,15.9364397887298,54.9192900851232,3.45520506268845,74.6502795101333,51.0929187073781,45.8753550177548,68.7178285186381,71.8985795212183,50.0590438896708,36.8831539721744,41.9746905797908,23.2360245579774,41.1123036672244,62.4973202085308,28.6377873696025,58.735886388369,32.3340951416785,38.4370331073679,28.0411649683634,100,40.989544220569,43.9310223452761,49.8524656811989,45.3251059477451,100,51.6666722208917,41.0134087652592,48.3370588846669,100,25.7613128498503,83.5476726481004,27.5522755086989,41.857112380928,31.0963877985221,16.5675726909014,76.7484059671319,43.4798935040436,37.7831631910894,67.3134917068691,22.5943491829445,92.867981548144,33.6012880590754,13.5068665478743,74.079774396695,50.090728279514,92.6876887847424,17.8533446072644,16.3821370805419,96.0179873110522,56.1456829426382,59.3617223134523,79.0386069747028,40.2210443768774,44.4654971675839,40.5267525977951,22.5375023977092,83.9674913479747,28.8265692916159
"6142",56.2118079111764,30.6278547900115,49.0225992146497,26.3431897833335,49.7066461906045,100,66.7682975374667,88.6593540516637,51.1192747956476,100,56.9636167759987,38.2332694986267,100,42.8941151194531,56.2848162295903,1.35512425914014,71.0973182255927,58.4319838131634,51.71726216179,38.1245756916695,22.6563179104214,29.8078141265062,50.9980427609937,100,61.2852241469657,68.4361834627797,89.6040026477918,100,-3.55025183363579,49.5067959487452,24.5355600263489,57.3647053340283,100,56.7378301877725,62.9209186831085,51.0307410893541,41.8592260577182,52.176883923501,44.1111639085535,23.4183578779873,42.2176874591614,32.8249192441835,16.5265822298114,54.6714207259045,6.82112858492821,72.30760796468,57.3438284937414,43.2586124692445,68.5060555751141,71.8065195171524,51.3837651693243,61.8208387431986,42.8907053034388,23.3238090119404,43.5169402959026,49.230878789347,41.7120750402906,67.9714522866498,33.0695430226368,38.7854762898112,28.6960945009656,100,46.4511608520307,43.9805193175825,39.7830210351761,46.4610805158698,100,51.9317736727264,53.9950919230165,44.1640045820743,100,25.8056658730042,83.6718881258018,16.5950611525426,41.3251356839876,31.6067493270854,18.7839264219036,82.2565662568903,56.1286420276734,37.7897510107587,73.420573660778,22.7376181789088,75.3498241180617,33.7980398371398,13.7791552634818,73.6943857940702,49.1011351389926,92.696745734808,17.4199020884281,16.5298775794226,95.2606073121453,56.0531315599945,61.7118161125091,82.2391278553566,53.4282897937589,44.0407227613022,40.6481486646498,22.6978887957326,84.5707558385546,29.9313809318368
"6143",59.385485925842,30.5808804287097,48.045594589489,28.2416039350218,57.810153458262,100,66.8356529510484,88.3727990189526,45.5950865488212,100,62.2197595619298,38.8531594127164,100,44.2971299479242,48.1533970938374,1.51782908880317,70.6861269166304,44.695276079587,39.9761646328768,35.9281145000784,23.2546595125863,32.5400438506889,40.8676859061397,100,53.1048018436826,68.7512393541423,89.5917191500536,100,-2.52733012553772,46.8240456433993,29.0057458010051,47.7449874880369,100,56.80965003586,68.4067614264668,49.6744684241489,40.9342339755587,58.6092173251805,41.0123454249205,23.8710208597111,35.942558631302,44.6375753589342,15.0957784611912,55.0982362814166,21.7247653173842,72.0972407309139,77.9949782414891,43.402431048064,68.480937091656,71.9060561157712,49.8756598487164,100,55.4141827038311,22.5068189730921,43.805386239101,48.279922090812,29.0436094070089,73.632446603518,32.7733948027284,38.3040800301777,26.6835456332474,100,40.9778134109407,43.8240103251015,41.3241410551552,35.3286778100176,100,51.4905481058263,38.5269261347455,44.1517442327805,96.2164836650452,25.7599249693472,83.6521591128565,17.7620680036112,41.3432582166788,31.302150767222,16.3601354578032,87.2722538477676,44.151436944952,37.6613984116757,72.7520716659377,22.6962516466668,86.6998068859216,70.3238734812001,14.612667191719,73.7077851777511,50.0794610434233,92.5793638887909,19.9743660331005,16.4721142669243,99.1993646956349,56.1493028185068,49.0506931220334,81.0970987419059,50.1131884904005,48.7760276333339,42.3323960526618,22.6842008466499,84.4826201754684,28.5205598338709
"6144",59.3607775837748,28.8466780655075,47.9201660134992,26.2303188516381,55.8228014131846,100,66.6799417629236,88.6395789377809,47.1844508546244,100,62.4459553918821,38.3157796700236,100,35.3790077073991,36.9374472885805,1.51599764738121,69.3240932937845,50.8912205924213,39.0861346792971,35.5002321938455,22.8929128723519,32.9095135504424,41.2444019255538,99.7371846485222,45.4557231879942,68.6660183592197,89.5846364477126,100,-0.0475337514555676,44.8411114667108,24.3320263850557,55.389756439094,100,56.6642565271587,79.3965067839543,58.8689301301785,46.9393919254602,48.8881835841278,47.3927892870577,23.7928338024181,38.2254284887421,52.6695876878644,16.4809659998903,55.1500041390606,3.14805574667922,70.6505629094116,65.0437803916244,43.4839252678244,68.6179153687669,71.6530119380159,51.5309782994412,38.7283003482297,33.0238048723628,22.5715375488493,41.6382313611605,49.2828850607185,29.7915904106535,71.7282599926731,32.783936661561,38.4737117841659,30.8796842159455,100,45.4784267831831,55.9326928416684,36.5813082205007,28.2419033739031,100,51.4360230974115,41.4249245482494,50.0831468430584,100,25.7625256540739,83.6600105230306,28.735505052355,41.1559286208047,30.1357452299955,16.8763445977448,82.8329319989341,43.4531058256841,37.8283140079912,76.9046601596303,22.9393004911968,84.4355386204885,33.8224155545639,13.2740247375371,73.5518592028055,49.2306594752801,92.7897698388198,17.1784185839146,16.4369734253084,98.7921459081562,55.995803555755,50.6357062189038,87.2033465882041,43.8593109061625,52.838535867314,40.5242327830027,22.5039420994681,85.5294102533213,30.5050979259786
"6145",59.0984008724293,28.6601561800178,55.5908488617003,26.3220726832942,47.1494069286476,100,65.0467343735632,90.0685206418772,47.3863590379878,100,63.6757725967779,39.1214074904553,100,34.5520458986485,37.0551532666399,1.45235285681463,67.2586835521793,45.5689772923242,50.9483203146311,33.985739361513,23.0846479879524,33.5758632878599,59.9493381800262,100,47.1472042907564,68.7452453014122,89.6042150862428,100,-4.22724686386692,45.6618174945025,24.6936178215087,45.4628405889211,100,62.4831774935322,77.8054788232426,40.1901421574416,39.5758895765854,46.4353186253212,45.1695326572917,23.3232146074501,36.082512784148,30.9597425574102,15.1718196791862,55.0628252032964,1.99864655755505,71.4663904253012,90.3530738906214,44.3893345741948,68.7701761770696,71.7863684429365,47.0594852612091,37.1815275624496,29.8704248240421,22.7366381540395,42.8402805173848,56.1929153904053,29.1737480948965,72.2435289713545,34.453707816608,44.135975410317,26.5054670424272,100,44.7924134970998,46.20881065904,41.4259686887345,28.6227644758745,100,48.4739661010534,38.2744406936789,50.7703982281207,91.4075519438678,25.7472970925987,83.6214023474189,28.5983268327563,50.1384573409551,40.602937816599,15.3003320012816,78.8017023800422,57.2266737921588,37.8442991329486,77.0668474532522,32.6464603185497,74.4633804741894,32.853556748574,14.6315547669767,74.0728687237004,63.4304759508443,92.6825624419013,18.1268188026832,16.2558974533945,98.8972790576307,69.148452912584,48.9551740455508,82.8438941666966,40.155777884846,52.4840492113174,40.5835581404924,22.5278674514377,84.9770053161542,28.7810022167912
"6146",56.4779677318266,30.4811010932207,49.1499217828969,26.7273015767453,67.1447860369776,100,66.5762750339387,89.5019321042921,45.3091933209266,100,73.2476318276173,37.8517918042377,100,38.1451877892946,37.2008345413257,2.91902225898621,66.4667302273728,56.173429868991,48.720393571472,35.5843959249884,23.1108762907436,30.1476904940176,41.5709228121339,100,55.2594467565242,68.6206759515905,89.5221416075084,100,-4.92349121375258,46.2674708926649,24.6450363826115,45.2701317981897,100,56.8927399742652,47.0229173342795,56.4805224141269,39.4829989996501,51.4004453763632,45.0821495602534,23.3562661463215,35.7978646615349,33.2752451406171,28.0330219491246,52.1317566618011,3.17117965643014,73.5014494070868,74.2689743186483,44.1324738936816,68.688684073933,71.5747688233534,44.8175482677244,47.6997863671254,30.2806127720548,22.3668312895967,41.0087532791412,52.4261361317822,28.9130008017791,70.4244367187682,34.2118388429058,38.5056736946023,26.7760538400847,100,53.2834817900438,44.0857629937311,72.436047104432,27.7863005075195,100,52.0838645240655,40.1246970012804,48.5769496531855,100,31.6481868448187,83.6475539963628,20.7187253865127,65.8968365681021,36.944515212546,16.1191124563368,87.6768749990638,43.3520399179825,37.9483080174778,76.5760186503459,21.9586128428536,71.8911012939431,33.4831062961269,13.7832381778069,73.5253108765648,48.3333217014777,92.4249419200303,20.9903185676552,16.2692396808375,96.1788885057076,88.6405332597848,50.0278348887588,87.1554813602746,40.0790025655256,51.0639653902834,57.0637804843736,22.5355530154829,83.78934188202,27.8516879967938
"6147",53.8989091947528,28.6923721134255,60.1220615020271,26.6033765689684,47.5282219596161,100,66.7058815980109,88.762363082592,54.224010978604,100,57.4740809216544,38.7602379023471,100,37.4066001246902,53.6217518230855,2.53639338142657,64.0040895181946,44.445284389972,39.8052616223372,37.572785010191,22.9388819903181,32.9053473688459,72.642461962999,98.9596635410475,39.1071209255483,68.6763023514364,89.6043893080178,100,-6.31973259266125,54.3448004845345,35.2307631528431,45.6326936662115,100,56.9269210603912,61.621735542161,53.9195110357057,45.1332030772904,47.9693968295768,40.7594433752077,23.8955337971309,44.4402126944062,32.0235969802199,27.2014817324105,55.2298231172024,8.35993456928302,88.75512953578,79.5540321260728,47.6936370278295,68.7391655230194,67.29192546094,44.2886448270626,36.1674717688577,30.7502765720065,28.9901142329913,41.733721101568,51.8918902060898,29.7016638486777,38.4719032060753,32.4882602847591,43.9148504102414,28.0612653615442,100,41.2219586753107,44.735908317729,69.0533090387075,42.3227832304956,100,52.070901330986,41.0328413118227,48.5164677134549,93.0251994414392,25.6876225257848,83.6504613765513,20.198273984143,41.4628726768545,32.843371405151,16.8931476122091,79.9616541039659,44.5421539321005,37.8155171739025,72.1801021542402,26.2879048862183,80.7530061326663,31.7931463589109,13.7730764600166,73.3722545332804,47.395081426697,92.8452672040696,17.2928388356994,16.2882068870859,95.5358036148652,56.1769468235236,48.9954567408409,81.8170839325971,41.2381535821051,45.9822063195657,49.0856407747874,22.5348993966884,82.1329016581734,29.6430581524397
"6148",53.8683142368665,32.4827254710242,60.9901099807212,26.7849060634576,52.8913153993388,100,66.8361214815291,88.7482891651027,46.2522128658024,100,61.2384476849442,44.0811492831045,100,41.56802765975,36.8441051297593,2.72822928499584,65.7279623917365,45.6590935118358,38.2931751954002,35.5177921587463,23.3843170388893,48.9629578552595,43.7433728979743,89.0362570068384,55.0978011216911,68.3618794156678,89.6209669051748,100,8.10943636636917,48.694064033207,24.4938618542032,49.7068564793491,100,61.5145217502366,47.4400073835724,49.7352745704613,46.5412455151279,51.7455023166714,40.4564781963166,29.9743004887829,39.7728738746655,37.0876028700617,17.3022716880484,60.1396621536429,2.39102079752512,88.4886558247933,59.9103846604961,44.6687639297129,68.786774299556,73.1879148578897,42.7299968071265,36.1081620368638,31.4527188255586,24.3300500485938,46.9207886069646,53.2895451166719,28.6142080853044,38.0083428741593,31.8801930890607,39.1126658558803,26.1740183226845,100,41.1770492321512,44.3706991972848,56.4210459269592,27.7780166472519,100,46.6464145519237,39.0187852875049,47.473212099004,100,25.6299114345667,83.6516419729177,18.2774779262329,47.0576907036489,35.1511441450869,16.6644667758466,86.1786714322887,48.8322850461584,37.8414890759633,64.338819379095,23.4609628464396,90.4410899623979,33.6234922095179,15.2922128910593,73.3333042759788,58.7446999066543,92.6750891613182,17.5250844186175,16.2124618885907,98.3693789052513,65.5036841436334,50.6701850394533,80.8187874098301,43.4355532406385,44.0604162882604,40.7019986273464,22.5319868196757,85.1682162494999,28.8511519759357
"6149",53.8488086005638,33.3805048913432,47.9365613669737,28.3607397921091,43.7435273785348,100,66.7028864652916,88.2179019657308,45.3301747615654,100,57.235015139863,39.3062875369807,100,38.6426049229349,36.9568720245041,2.24033897819968,68.6896948425129,55.2071184726204,38.5059487731522,41.6377127253177,23.1186538324867,51.5770492526622,53.8731739034002,100,51.3505186181382,68.5382066671953,89.6328771542262,100,36.5499812648982,43.8313068508406,24.3663777470129,56.4936713658657,100,57.1435221006326,45.0151832418134,56.6552448918568,48.1279821650148,51.4824763372748,40.7344616837896,25.0380797033216,36.6131580331547,32.5680660417666,15.4740565887842,56.3434207763026,1.8733897834085,78.4269538192511,63.0439590690917,44.5715299312796,68.8313983516436,73.640898115102,42.2866461328633,39.9543901852542,40.3641671039742,22.186849551688,41.1815629226805,50.7867649778574,29.2780423965902,40.5343433260016,32.634362962924,38.8305126130156,25.5188804561334,100,41.1284337759102,44.1470891030947,47.5557600013244,28.028713364139,100,39.7832939117869,39.1090911039521,45.146187030743,93.852521413686,25.7273794411173,83.6361672764894,18.1340589217293,41.2051590532859,30.6883966516547,16.6793858500309,87.1422850274622,43.1633334709304,37.8495380254534,62.47079372515,22.36792013043,93.498960860642,32.534400248425,13.58835315089,73.9107462685759,47.4725395763764,93.4758331601549,18.1809583630098,16.3384827543103,96.0016839906843,69.4641477452452,49.4566631948981,82.7267876524161,42.3270108549411,42.9008209693284,42.2978393208472,22.5362229861866,85.5595094138151,28.7798126250364
"6150",55.1797568731137,30.516382268124,51.4802844985894,26.1222614464743,42.8423612497341,100,66.9549734217508,88.1391691170426,50.9323657216445,100,57.1454370439047,38.5609595203242,100,59.4371098019399,37.7699423793935,9.32997625732336,69.7720064335687,45.5105167503139,48.6172798181101,32.6743066747802,23.0092196621805,57.1029700098732,43.0296359416598,91.4712915027945,58.9169452425857,66.188313636692,89.5662433477326,100,12.016590428905,43.1519182709085,24.3435720950244,46.0645068648934,100,56.856743549381,87.628906641842,42.032717591729,41.9631015775047,46.8028252666057,73.0548493401672,23.6488456612468,36.7709154444801,32.5413840710364,15.5665693956412,53.9505120301327,2.49138068894702,72.9418681943908,63.8114132455292,44.5696339025816,68.7077927932392,72.0431325605805,42.6018397966058,35.9181602360514,30.5899561996737,22.0751531870287,41.3753953336054,56.9606990613834,29.6749432700521,50.9590614055105,31.9019614377177,38.8782901457177,26.6019512886016,100,41.4035597897359,48.1909610933575,37.3520341632341,27.4340256052849,100,34.4605088440762,72.8564656793432,44.0403900867657,100,25.7431163828303,83.624922328519,18.5983639797885,43.2719971995303,29.7893308182624,17.3807869945534,82.5347884705173,57.2555195538245,37.7760325781616,58.330180469549,23.4116237434443,85.8802657742747,34.1983008825571,13.7648212305539,74.3034755770444,48.0457473054634,93.4756740044391,18.556328663241,16.3309748130324,95.590520375276,70.0299850652836,49.8885484886409,82.7352746701472,39.9623389692722,42.5955612636793,40.9855588168901,22.6065148417607,84.6816289183478,29.9756086647839
"6151",65.8455740224665,34.6737326030305,47.9094408837347,26.5807869443627,43.2063101851059,100,66.7288828232204,90.0801055371498,45.5040746482828,100,57.2424673277771,37.9506376032152,100,33.8701006345112,36.6219668493744,1.90051622269072,68.5589004109926,44.9001574578209,38.8456298910426,61.1612661814972,24.5227791905226,52.5328562836908,48.211957297944,100,54.9013982672179,68.7515170730609,89.4890118896501,100,-1.63790972443936,42.3923233112118,24.5043872626035,45.2357464760655,100,59.6493390050339,89.3805663068154,56.3941449356525,39.7462518544031,44.2781343088369,40.9481943240316,24.5229560057896,35.8823806168982,32.6242991778902,15.8868761514701,65.089782546844,3.07289519460959,76.3776622333105,64.0831913137438,44.3473614969262,68.7624727122352,71.567234261384,45.3630451344123,42.6952492452355,33.1152329252477,21.9995285280418,42.298586976026,60.5662095455078,28.7781433876969,38.2362272635646,32.3364500083333,43.9073531111524,30.6502933439597,100,41.4277911395618,44.1627795023825,36.3077959286856,28.4562754063412,100,30.277927275455,41.3051175344419,46.3071575960232,95.2997693932321,25.77061883279,83.6327834593276,17.8079249795232,41.2243261823367,30.5851950760313,16.7267192763203,82.0884848190291,42.7225806095642,37.5984354520584,55.99566036401,23.1416222665667,84.229104522734,46.9918696670652,13.5043332406222,73.9255662567038,47.1965797667323,93.5221782838352,17.002550104818,16.380387607478,95.2637574422295,55.837072844992,48.6532708207568,80.0049842808986,39.9922044821361,42.8538422747304,40.70918294514,22.5664126408912,84.7153777810189,29.956667497225
"6152",50.3682957487434,32.3028706947862,56.7229684113586,26.3472996279864,42.3335169980363,100,66.7165713870726,89.3229970140474,45.8136373902832,100,61.4697474655007,38.9902912709212,100,34.3459930831301,37.0841503638443,2.96984554932364,66.7725925453337,45.0740054870622,44.8226645171516,58.2602139853125,24.6248370074038,54.6968754689319,41.2610416475729,100,54.9310160561168,68.6130523970145,89.6007519028672,100,7.3650561622626,41.4674398056505,24.5075413768674,54.5050326883972,100,56.3191538319905,80.6374538852445,53.5442709432317,39.5378999552475,44.2072097928117,48.1570882419982,23.9688992270094,42.1275412420407,32.2957348245861,15.1863250186037,54.6091256818143,1.00007403409904,76.8887170950751,75.0288906915733,44.3264161900275,68.9823659455351,71.9056989114989,47.4533290660925,36.2756420789829,31.3207132556999,22.5845408043745,42.303740288823,53.3125953685689,28.745648796427,38.5720317391402,31.5051180668385,38.6089319534642,26.1509225369523,100,41.5369737591604,48.7077024308258,36.1883284528311,35.5905941996762,100,50.5987892653252,39.6745559849103,48.5384117560939,100,26.3828245466896,83.6450822202955,17.8011784109201,41.2342619470043,30.068844112582,46.3576954597018,79.2860446490638,42.3017163674929,37.971764462943,54.8967037385731,21.9376200633666,74.5324247216178,34.3340690620796,13.5908982969631,73.8354607299465,46.9909712272378,92.9636189508883,18.2381550068027,16.4203789245663,98.4216672482582,56.0791012363017,50.6558180909529,80.2509308097028,39.8725677148712,52.9742153147385,40.7295395861516,22.5730003850001,85.0529149344601,30.1759193257914
"6153",48.8529883283975,34.2794569804141,49.2418773701544,26.4434584151227,43.7933952477179,100,66.7310162021967,88.8039072454184,45.3840891109807,100,67.6105604021344,37.9971796186224,100,38.5691678315954,47.3226204015738,10.2179248052016,64.8648382239683,49.899371187849,38.424759825853,78.9765866841926,27.9916992727433,48.9468425270115,47.5631319787198,100,51.6412903176573,69.0123532289705,89.6311334947728,100,-1.74062946962811,39.5699725533213,23.905670126224,46.1685371777306,100,60.4625734602046,83.4105509506544,49.1333260717592,39.8070497168117,44.2777978837564,40.2235406692187,23.6685500627905,35.902463356291,35.975258322876,15.4416536274115,58.9617578065196,2.91574188699676,73.6796856557432,65.5285469259368,44.2058234878198,68.6816382731341,71.6534998578646,54.1076978158011,47.807568553167,34.5152269815208,21.9998138624409,43.4683924468968,50.0658127223942,29.2929669610669,36.9099591980059,31.3209732155666,42.3920867705168,26.7797275164151,100,49.3832101775569,43.9583713813835,37.6595481506247,27.6718801406078,100,50.2730429445697,41.4842699146247,46.4747531007981,85.6032813651765,25.7598331085253,83.6003330233933,22.5856726490507,48.2566426352896,31.059702129713,17.651117999406,83.4695449216811,43.7743781457932,37.7093330586332,55.9391609485749,28.1730710642309,94.3289441850085,36.0559722898841,13.5933856241828,75.4045186635866,50.4906945043394,92.8002908775968,26.4109012273544,16.4848549158489,95.7088293642681,56.8713805408504,56.4340753525361,80.2272337944608,44.4182483788084,43.2754228895032,40.4092860216228,22.549554036319,84.1991936153186,30.4927214328292
"6154",50.3315426955001,35.9401302278888,48.4479706110426,26.9612424177104,42.8352961768579,100,66.6893085763005,89.1064697763222,48.933368610371,100,70.13449845218,38.698026395986,100,34.8350232840053,37.4918492624099,3.25413405206629,66.7243479262506,54.3548594145181,39.3630498816228,32.5590085858046,22.7303823462829,54.2505502813393,42.5021102847632,82.0352281332651,50.0544439930453,68.8240428187791,89.5118924327176,100,-6.70200289989582,38.2712759782691,29.4648379344529,47.1897515681222,100,56.5237065437941,62.5436807228728,56.7989958468015,39.7467756950663,44.5032568706462,47.8775724271542,23.4152847124332,35.7692928610872,31.5745072665087,15.7232956529188,48.0382533863172,1.87253119299301,74.29767882575,75.5597813219095,43.5559936737603,68.8211140845421,66.6256275649816,44.6744186294938,37.9830145039826,32.6550864790944,22.3536930670145,41.4573386800336,52.048214974158,34.2825818262608,36.8861426996004,30.8388296699549,40.0578907722164,26.9518266637421,100,40.9577524790575,48.6519110716786,36.7463601691039,28.6130924506956,100,51.0911135829159,42.7531584128238,45.4783686289316,100,31.4800153237085,83.5854334073439,21.2074990789219,47.8216290627874,35.8836196933884,17.3254988377232,87.4231700878937,49.3287698121165,37.8075195939255,53.204250447312,22.5558695298595,93.9511236705638,34.0805575947096,20.1648748800289,74.5341606247055,48.0278894280468,92.5329997354269,17.2729303093823,16.5450741066638,95.3706428147799,55.5577079269196,49.8638047909967,85.0192829339514,40.2604633508068,43.9279550652024,51.607760581998,22.5684714953636,85.5389018792577,29.3947068388346
"6155",49.4683070228444,34.3705853108668,68.0602905254801,29.4313286209353,100,100,66.6639083513752,90.0717522222262,50.2364626146054,100,66.4111404078057,37.8328603382248,100,34.1707174730081,53.9292605276094,2.67822643088509,61.346996779126,44.4731871946993,43.176435641002,35.642027752545,23.0196686148891,54.2778451825936,53.9694366188628,51.7734684354799,54.8284967737357,66.9178810015314,89.6286086632271,100,-7.37520631354807,38.2851539395238,36.4609235431423,46.0267089782514,100,56.3630367642356,75.3214324156435,43.8470393210084,43.6476745974228,46.4993833853619,41.0712814956917,25.324771554007,39.0045382432678,31.6592798965634,16.1229710072711,54.5217656816886,2.30474201818031,75.0400183917659,78.6138442607679,44.6258497503284,68.76796723056,72.9618495038849,41.5263189309823,38.9733358027876,33.8419782159254,25.7902907779869,42.6297543255166,54.6565384438883,28.8750819354847,45.776052070243,30.492365563547,44.2710096325024,28.3632861622715,100,41.4627765102901,44.7599603595085,36.4496269702694,36.7335644873804,100,42.9001229234049,40.0346212631016,44.6621542398626,87.6594883528115,31.0253493864782,83.608745886804,17.4732713713322,45.8705571116059,34.7449681331192,20.3108297885061,79.6310275238922,42.4839488125704,37.7669009818029,52.0503486685669,21.8993260549695,81.4456972107507,32.6481079481979,13.8043637197835,73.6526553815637,48.3106084043686,92.8704071475536,18.7948650254174,16.450017339104,95.3459865468793,63.2580475212333,49.6049093810576,81.5343855814534,40.0918103109185,43.2323157363041,50.5184400400673,22.5061453453628,83.5936465200179,30.2222669496331
"6156",54.8498855638659,34.2305454417472,47.5542197972529,30.0474153681531,92.4103123337564,100,66.7343898990203,88.3867837647706,51.2040187092968,100,61.4221185372555,39.8239218230996,100,34.7530330725418,47.6575937627725,9.16273916961761,60.109649966427,44.6522327620205,38.5283216231436,33.1989127496401,36.3202355455666,51.6001093940151,42.7385502747934,51.5290253442644,54.4702143552147,68.9504476479942,89.5725751186531,100,-6.64882775172445,36.7019509951298,23.916846389355,45.9728623360364,100,56.4528178553728,60.5005450390779,58.1059446522579,40.9461460156094,50.0942923883283,42.0389593898635,24.715610542068,36.0409696807631,41.7187917941552,21.5551877628866,55.0052208577411,3.27435148499079,74.9121682713824,79.2829237257565,43.3127687896989,68.5667321255859,71.8732563400843,39.5984364885644,37.0601554787047,36.9783062651726,29.9164967140938,41.6770190398017,52.9815551922177,28.8135640960306,61.5054008070365,31.3205399372156,43.4467280895685,27.4038640162773,100,41.3209341599444,44.3987073743308,37.9745637468006,27.9077721146504,100,50.5753804210992,40.1218031271054,44.4129400322944,100,25.7438618220048,83.5786485681953,18.6266173044165,43.0527839081353,33.0016260858006,37.7994962911622,80.4813675170598,42.3300852750864,37.8970485259825,53.1082282039962,32.4349838583517,88.8736430379088,33.8150989173994,13.7499373335378,74.6368500363409,57.8298113989473,92.7990411376822,25.8728759817906,16.3275047678516,96.9343325495913,56.5745692501717,52.9745858729981,82.5734829961039,49.3885599496189,44.1341578292286,42.8081056058443,23.0016717945837,84.9713253256548,29.5019534314571
"6157",48.667059803426,30.29225434585,48.6388485801837,27.5603664851838,37.2396498956548,100,66.3222416315376,88.1619238946795,51.1218984999765,100,57.5708696032799,37.9883063881859,100,35.1470305073759,40.8685456124991,2.42720804243917,54.9228722540612,48.8405037740388,39.418968817275,43.0718430019058,36.1059425524342,34.7863667023397,42.7397498952847,89.3220038888761,54.5543717466724,68.4118555271258,89.5926549486513,100,-8.70569212498359,38.7922282213075,24.6122187004368,49.1166906216695,100,56.805355421309,45.2975894576153,26.7892989462616,44.4230195502545,43.85721997782,41.603778943486,23.3938930328877,35.9483456554638,31.4133089224854,16.8909997955455,54.302217790991,1.77823803366131,75.8894571590856,70.8113075734288,44.6132687203746,68.8249486439837,71.8989145588805,77.4542606723722,37.5422444962887,33.6982871494958,22.7742804046368,41.779448954364,66.3973225193786,29.366037690571,76.9597505719559,29.9444902884267,39.7417692773141,26.4859376515465,100,42.8603877268413,44.3812234565978,40.2543392674173,28.9579055716821,100,42.8175525087012,38.3852758648588,44.9952862632598,100,25.7677091701011,83.6159317996104,17.9426181824199,42.916520100613,33.292881174559,44.1805861892094,86.501828692345,43.7352272439618,37.7957156324002,55.2914672079837,22.0939499687686,82.3199922898837,31.9502502323505,29.5506705445307,73.4155585622508,47.5249977511036,92.8833835536743,17.3839077995755,16.0942763753298,94.9741685792,61.4126085240024,49.9939999546982,87.196013721091,40.3159370249575,43.2153353926769,40.6454401182621,22.5517209669138,82.6776165440475,34.7515419450149
"6158",49.8769857251132,28.8619621305145,48.0220722430111,27.8713127867185,37.4402094735208,100,66.4400741940199,88.4782637291237,46.3479703930986,100,72.0022110425289,39.0159374671189,100,44.7303056464497,36.6522059858302,5.28224342447423,56.8686353569758,57.855822771388,67.7381721130971,32.4060188587014,23.2471012821839,40.8438751127928,43.0016438790252,70.5086309308878,52.8680729170102,68.4283520818204,89.6211009638794,100,-6.76054095359331,37.4928346010913,24.6495549811904,56.3409516097366,100,59.3961850643157,67.13138448756,46.0888007445835,37.7490454612883,49.6709956648186,46.5886459405323,30.6959936579794,35.9119368991844,32.2127929759247,15.9291525310839,59.9187040881542,0.829119597305194,75.9029594500437,49.2262476618741,43.1929962501792,68.8213485513674,71.9023232903564,44.7948782710504,36.1951109562422,31.6961585207782,24.3138387136818,62.467373398747,55.7704482897883,29.3563084096032,76.8672788285041,31.453884216154,38.7404856368832,33.6704410845526,100,48.9595722947406,43.7678541672052,52.5127741036879,28.2822169415955,100,50.92133889289,41.081136198202,44.4056842058179,100,78.099156234896,83.6582163856402,17.2149201566502,41.3853446074889,30.2972259092726,20.2864586396587,85.38396553369,42.9408791982628,37.7913349061858,55.2638146436627,22.0839627760129,86.1438327467661,32.2965379754215,31.6697535884825,73.8837749007832,48.947656508695,92.672943267691,17.7330858775829,16.3300326767261,97.2600166000947,56.6405236222747,49.8484865831712,87.2924467007695,39.880614611805,42.9940983267264,55.9608034816005,22.5440014083527,85.654466996631,30.760836856552
"6159",49.003707757213,29.1761578675265,49.7517631996346,26.5860804596035,36.8453692450463,100,66.9440040173634,89.9545030321615,51.0798980296418,100,88.9262075655471,39.1153833206067,100,39.7087876337733,38.030138772209,3.13062038782223,55.5006419309238,44.8921354007656,41.103668921612,45.1076411906435,22.4114342246781,33.4924938044485,57.6746432167496,100,47.7933382589242,65.953953833706,89.5737074490972,100,-8.34242497227222,39.251307284366,25.30214285266,46.7094086402744,100,56.8337508411757,46.376980380601,58.2189548782333,37.4628228639274,44.3233368753901,40.165813305622,23.7787999246958,35.9670033656264,31.3635522059391,15.4198726771188,54.7239129913111,1.27153982406807,74.5917886830057,56.1644476614995,42.890272692983,69.0666057960646,72.803911272929,40.8807829872452,36.4567936173491,32.8423707785573,23.1050422763756,43.7422189634037,57.2974447086085,29.5036152640682,77.2847890531691,30.4388558692969,39.4889465153418,25.489081866631,99.7299540865128,52.967501798903,52.3421322600231,37.3912841794466,28.4530189030005,100,50.2097782690298,58.1425022329983,48.2831643363355,100,100,83.5235338498177,17.1903850738021,54.8348570674315,30.1954845220766,18.089899603701,86.0429825396752,57.0849955547186,37.8921757822746,58.0674242691666,33.2032365092929,83.5266908470774,38.6965536239942,13.4412056232901,73.2159800478585,47.3754921167093,92.827879533035,17.9530371418541,16.2556018686763,95.1671658457476,72.7416434003446,49.8084034931669,87.1568972708924,41.5847734275588,42.9939076192804,42.6088831885166,22.6454962076765,84.2700163123559,29.5559549100327
"6160",71.6060764145096,29.1524151052418,47.8393310715534,26.4881641128185,37.0105132617639,100,66.5972870538377,88.9362474806883,45.6001757235448,100,65.4202259530561,39.2205739420535,100,35.7630217133216,36.5734073553016,2.73241306968056,57.9174056328847,46.0926590542124,39.3311089679657,32.1765843892718,22.7803417153233,33.552865711133,41.6299661065355,100,55.5313561151529,66.7180553983165,89.5850221413311,100,-10.6744595227692,39.2774769274576,24.3988006222248,60.3535356814527,100,56.9214399783374,44.650722332919,50.2839427428102,38.7630022352325,44.38331855455,44.0530949493129,23.8414246266485,45.0366197387691,31.6032490909625,15.1318698999866,54.2468738253616,0.100787826602556,88.5961255722631,52.102732629382,42.9539268973476,68.6930632109572,71.5744510334539,41.7157847073784,38.5224692477382,31.0756311519649,30.640541122357,41.4140944126178,55.0983548894255,30.2578909191393,74.4178800455012,32.4584068641137,38.3318664512035,26.4264947757957,100,52.5803300694512,52.0648414099427,43.4037061553848,27.343573274298,100,51.484868628832,41.7526446285088,49.4015076416576,97.5615947831515,100,83.3416057192811,17.8776154893792,41.2967267620121,30.0387666706078,17.9503334021003,78.7460331779615,42.9733716377268,37.777994174204,61.1939546510081,22.6709070962465,87.4567018233399,32.1593868932549,14.5178854756347,73.5472059459031,48.9565777521694,92.6852317688989,18.2983926994225,16.0969532211552,97.2125649745898,91.0643808606194,51.1796122695629,87.0584534841663,40.1246239718748,55.4154620976735,40.6635763816156,22.5710958413114,84.4048692815493,29.3722065674072
"6161",64.1289982297633,29.2774065486185,49.3928001836917,26.4413884784022,38.9808686691249,100,66.6664684464747,89.2185413078859,45.6981462416333,100,62.692603808699,38.935402521337,100,41.8812633350962,37.4891460463114,2.09091393059664,55.5866675005463,44.9219623883006,39.5133166425906,32.4208436538651,23.1408129856003,81.7811938584228,43.2371148772984,100,54.9553638407752,67.4841567211849,89.5204524533824,100,-10.2377790587175,42.5696819808137,24.5872734671423,45.1599052094147,100,60.2268907649079,48.7460140546457,53.5888767965158,37.6802955542655,45.12471634496,42.2215400606259,24.1084549171623,35.8056364347545,31.3687619704757,15.4333965595987,73.7408815093728,-0.744486962307363,84.523953158877,49.1324442988937,42.7539028795792,68.6572341195578,71.5911860426076,43.093589048378,35.8069096378594,32.2484555179146,29.1963492955703,41.4216350673313,57.2192923363138,32.6601200866459,75.1932463122616,30.5400391359567,39.2323695593504,26.8619383057721,100,45.297966783616,44.7296823082638,36.5187540656137,27.8978057460084,100,51.1496654921427,89.6672779622829,45.4213238831931,100,100,83.4393820569892,30.5062990250012,42.8386179072428,31.4063583569206,15.7792643172524,81.8901081304262,44.0877248634399,37.8446518573753,63.5364974090094,29.9048912238754,88.6125064973586,31.8631751707248,13.6514400865319,73.9036897841474,47.5394373400982,92.6857925049249,17.6509869165703,16.3886999872913,99.8992863418849,78.5012631525285,52.4386160850779,87.337041733942,40.2336795382396,43.016902317811,40.844361885708,22.4935535460218,85.0758547221569,30.2362645981866
"6162",64.0752681673073,29.10988126264,48.1628331498189,26.6900313846867,36.3873721823724,100,66.8257473464887,89.0347109192151,45.1253238308249,100,68.2860516884601,40.9316301413299,100,34.9312491366342,57.3230154163878,2.58380365210515,61.728716568455,57.3045070004064,40.4815514010108,42.6695314538953,23.0287397212357,64.1466572159978,41.7169743861404,100,52.7709725579099,66.1485466065029,89.5336424505327,100,-9.77127777026509,42.6908540050148,25.00535234217,46.4500569824178,100,60.1943431727281,45.7463505140056,59.5357487985425,38.2836154163352,44.2363968615278,40.8131442857744,24.9789234670383,36.0385500138013,31.5038660598766,14.3625430907471,58.9404224251348,6.16118148324107,77.01857671479,55.6306344005151,42.7651049618225,68.7529376321414,71.9040368240684,48.0764571415995,35.9513308253866,31.4061835891536,23.529877313068,41.9131893619145,57.4817672434812,30.8606732879521,70.8344984453073,32.1595757671908,38.0875635900682,26.4923077960238,100,42.7599354817476,43.9540486625945,36.5581719844834,27.1008541512026,100,50.8728508788222,75.3833628631224,46.8193738812728,92.6566884494134,100,83.507456786927,16.9524792027634,49.5813465582427,29.7681019103372,17.4390585710601,79.2110047998453,43.889219390951,37.8176874000375,63.9973105808396,22.282603846588,76.5569409037283,33.6317790375792,13.9059413625593,73.8449799832543,48.9215817077149,92.8273304683073,18.3655201188613,16.0983428836679,100,100,49.8228069427078,81.1900047557392,39.8231764873758,44.362229637855,42.9046539476597,22.471961787064,85.4708961851199,31.7046277432777
"6163",62.2043125222764,29.4494727225799,52.7842319702959,27.0248694507978,47.8949969114773,100,66.6543709987865,88.3636719264116,45.387228073115,100,58.2409649143249,38.3327193455004,100,34.7390613616501,69.2667596491505,1.4286376032856,63.4222039851447,44.9274078871656,39.3320230058921,32.418755817348,24.6966947905444,32.8409719733282,57.7940935363634,99.2994918675136,48.603686908304,68.4537781661738,89.644151722246,100,-10.3537340633767,42.8505814214313,25.2213331119626,47.1364055045442,100,56.2580531648266,56.3342466991236,43.0623224816656,40.901278926835,45.3747891659556,40.9074359356951,23.441812761866,36.1116762046769,30.3659680005585,26.4507566138742,44.5919718013508,0.272112073446792,76.068772214655,50.5225272848593,43.4223715721942,68.8126783711388,71.5505867110468,46.4687512147588,37.1886624489217,32.0026969516528,21.8079249988402,41.2765879403567,54.9629727958858,29.3336563116703,67.1453416757673,31.3459219811072,48.4783586093194,28.5240383689116,100,41.406131817178,43.6297331668948,37.9973190017844,37.9572884272636,100,49.543174856698,50.3454308013582,48.7949507750449,100,100,83.5267046533613,17.2404812193727,41.2992662832393,35.0530463424046,15.8378222561475,83.5324758681902,46.1532546640838,37.8603224034408,66.3213431912144,22.0802081576902,82.727752894453,32.0781431409225,14.1943411906673,73.1783982906028,48.5491652547306,92.8435766701052,17.3837556623307,16.182506982339,98.9450881451451,77.7168557842189,51.0930328102311,87.2136319604519,40.2928555157516,43.8334303833241,52.6018552735245,22.5732173357386,83.0843034807656,29.0317640926542
"6164",67.4767426864141,29.5530807449992,48.9152159221363,35.9346582332465,36.7534987585422,100,66.6873315617116,87.8589186472391,50.9914831847826,100,62.4400581738825,41.703505045108,100,34.6358898351683,58.2136337459133,2.26661154981167,64.4612124493274,44.7408673740941,38.6333445430777,43.1122708772935,22.5051035246041,36.4886193226204,44.5510780454549,100,50.1358894149528,68.5030520450016,89.4874317839774,100,7.53630379220196,43.9918150492354,25.1656063785754,45.5637428452088,100,56.5606450938044,47.5526835949781,56.2822559313805,38.7009096081009,48.5674426045005,40.8801758275676,28.4886382433446,35.9163894838562,37.5864380961276,14.0331948011468,54.4013306784842,1.2538833619319,75.5647624343815,55.7908502879107,43.1219296987884,68.820273323003,72.5761410272031,45.3992356558267,38.5094513157417,33.5392915612343,21.7574651752533,59.8227061260968,60.0888993404307,29.1026223495146,62.7836385626539,30.4600617488238,41.7227104986269,26.14040480552,100,41.105644288628,44.6343492792499,36.6190171655185,27.7881931253122,100,51.3169279799663,61.8491783662341,44.7687542643434,95.2220501319374,100,83.0583566788661,16.9872212062803,41.2073080992989,31.920842047061,23.362544347886,82.4211334734228,44.716705454098,37.8278417490308,69.5229907397164,22.1813077709279,88.5956113978908,32.2580946540218,14.0836059989254,74.777082573239,58.2358330209316,92.8246271616098,17.366076022139,16.2471822173625,97.4603095164435,84.8359212127197,49.5362588816833,78.9610830229781,46.9783864552296,43.6137945947855,42.3384276595862,22.5776786280386,84.5087130905797,29.1887899919429
"6165",58.092951544297,29.5156577521572,49.4488381414838,34.2634620369106,36.6376224789035,100,66.5253013048742,87.940843587222,45.2677218081756,100,64.7074480963965,39.0721827933735,100,35.1804237033041,37.5181425921695,3.07400233078272,63.951879703106,44.9179920648277,40.6666510369118,32.4464034374551,22.8338825911519,35.0949321772871,73.4570717278352,100,54.5866389595498,67.8773436267621,89.6196363250357,100,22.6470456090003,43.579580581408,24.8744372434631,45.1387615686088,100,57.9214688970846,45.3318031755104,55.1885645623609,38.4410798360575,43.8305336595181,40.1055888786331,23.4560351993129,35.8438010923988,33.3043697407641,15.002395031993,62.1682587641128,1.15571343629964,80.9859861210286,59.3857533456673,44.2948413047023,68.8190972073209,73.770392078868,45.1559182741008,45.2691794101605,41.5727229268935,22.3702327641913,41.833880656576,54.1869066264367,30.0409746953594,62.3547520562408,31.7523677160668,39.1935874647996,26.0882489133663,100,41.516199759475,44.0361102794107,44.798091307652,28.422002218557,100,51.0133959815232,50.1787817403756,49.2891918786255,100,100,83.5767533228476,17.2701243947434,41.2658425644447,29.5154714357732,17.2697025624637,87.0099260294172,43.7455411790267,37.8356766922847,72.3475014088935,22.5456039428073,89.6502635100313,32.20409563304,13.9115617787506,73.5435702805977,50.8091345676795,92.6265238818423,18.6798933780224,16.2483694847252,95.2645954129176,81.3213811566983,60.8871027223691,79.0349676610606,40.413868328671,43.4131007139368,42.2249316486569,22.4489886429483,84.5930181107236,29.6215846982646
"6166",56.8670168788194,29.2679092070942,50.3293871298849,26.3108629791767,39.0450347752897,100,66.7522950743296,88.0597893518112,46.3922894114042,100,67.6469964090236,38.9898745976855,100,41.5246763730089,36.0102552187837,1.50008117736848,64.5791129413502,44.8660166234198,46.6801776126141,32.5707362900883,27.8566225125453,35.783437270913,46.2342358613139,100,53.6196282432787,68.4116769596811,89.5812318590449,100,-9.32193974704239,46.7261819063616,27.1375035422067,46.6138861290126,100,57.44859562789,44.0280177185207,49.3318119638944,37.6900634413833,44.6071989112394,41.6546638456192,23.4491158991263,35.9487673357832,32.1885931733785,14.6386917296488,54.9808443470105,0.733885096723753,74.7003512736473,55.1466503635885,43.3063250337637,68.971772196156,73.1604951290192,51.7947882363878,37.023737714225,33.3540864657034,21.77239228036,41.1805915789051,62.7941894738277,31.9139712135159,56.2954938009655,32.7568632343913,38.379634432531,26.9217862454455,100,41.6260450466267,43.9077195132825,37.3966442249067,29.0468073667261,100,42.8859269182475,55.4093724898177,49.0844848446604,93.1159098843782,100,83.6172085463663,27.3374210483327,41.313202342108,30.4126440692187,16.1659445987654,85.1952565564316,54.0215756072978,37.876345086397,73.5000667582872,24.0135808309866,90.132580801764,33.6260830039114,14.542607721168,74.3417004891634,49.9006716948087,92.8546896402752,19.3828651342725,16.4085514910401,95.5908417608899,100,61.062544551236,79.8470109250563,40.3966629410185,43.6769340170252,40.7597609484289,22.5347915522435,83.1761245840256,28.4095745850478
"6167",54.334255616146,31.2007503540627,49.9314731773932,26.3295846768621,41.999556235749,100,66.7451099235061,90.0808425822092,50.6463886254681,100,61.8878090684288,39.6827319594806,100,43.4823506769833,37.3128050559569,2.05001022855861,67.3934951940713,45.5064696941427,40.6257778356782,33.3753456418471,23.1371579959938,34.4924148871699,44.4661068082259,100,55.0594817985042,68.3926195303794,89.6099571511268,100,-12.201872268269,38.0241531397168,23.8996293839831,45.6705585985233,100,56.3609829362211,44.719022337247,58.8411747038741,37.5087874444588,46.0632334431767,40.7341423075753,25.4550511035688,39.2715573069648,31.594613824862,21.1000433318855,54.9147051219284,1.38493066044153,74.1634835365147,63.1263227190289,43.0451408023561,68.7329226645129,72.8802602206586,56.0238106611974,43.3661908851931,31.7418169907924,21.9210037403156,42.7841512281622,52.2897983129643,31.6801455804628,51.5725623360943,32.1269517844702,39.4462047813268,26.186110496666,100,41.3442586546709,45.8456649351589,36.8730232073461,27.0372101716671,100,50.5239049887509,40.0878388260566,47.3795880658453,100,100,83.6461655000919,16.6779510602402,41.5181686683816,29.665178427804,16.4931456223558,87.7175680456076,53.1924350404466,37.73392580484,72.5603563704943,22.1294965761225,84.0194022150572,41.8780521282253,13.9542559278359,73.3243545073569,48.484106899519,92.737246970171,21.0721520559105,16.2389593822439,98.5925848920087,74.0635413480641,54.5603113028614,78.3943983910192,40.0079215988792,43.314170410304,42.6507829647139,22.5559855212519,84.6621168350033,29.0787568529398
"6168",54.0644267131523,31.2245886935997,49.1868131979179,28.2944223984767,36.6852311264124,100,66.6305733677274,88.8851649471119,45.5191894199675,100,66.1528321685225,38.5234847948338,100,35.2878256154787,57.8360100735501,18.9940916495407,68.521260709455,45.6338872971507,40.5924627110032,32.9633513653425,24.0117671268099,36.9051929557743,79.6723194791958,100,54.7385038378611,68.7004390915504,89.6307845602832,100,-10.5430458220958,40.1200270654184,24.0991651286512,50.7714622353791,100,59.7097474919654,45.1956242366716,47.7753417068142,37.8786595754673,44.6600453191107,47.2940419894503,28.3640562847053,38.428628469457,31.4319360607937,15.0790476133854,54.0243388621698,-0.645203036356946,78.2328064244566,83.0606125222696,43.6827644798003,68.709757331776,72.0857657789319,51.1767133648823,35.8225757529057,38.7224241459323,21.834603451608,44.6671784018156,50.3343557085566,30.1518807361488,60.4884650211767,32.4016371993265,40.3298412399498,37.2442729221339,100,41.2985213549449,52.5098946509283,36.3546031723831,43.3498270589534,100,43.2094562565614,40.9261924412959,50.4575601289375,90.3197854309643,100,83.626692968741,17.2598157011463,43.1543239134601,29.8277164708033,22.0450476996693,87.6959143870723,43.2528384839027,37.8522348966308,74.9670466945795,24.6135663264532,76.0865784602475,32.6780979278287,17.3859616271584,73.5178316328097,49.2779899021654,92.7072597100045,27.2765044805637,16.4259292627461,97.9954035940713,74.9298615575791,56.3711038804641,84.7438590921134,49.8897169334609,53.1142794484005,41.8942752188702,22.9346343179437,82.5331523204894,29.391419636275
"6169",58.7316012683746,29.6998435985075,48.757630137346,29.681116273895,37.5066564340152,100,66.6945876434341,89.2543010056035,46.3414896391359,100,64.9913889909369,44.8607573776212,100,36.7875114764625,38.0830320512003,14.7654002012971,63.1783835194658,52.139375995409,40.5110817367859,33.0303059510068,23.8429690671168,33.5982680693443,46.5518386239006,82.5031061340497,46.9898360840011,66.6057591487539,89.5814418333601,100,-13.4392740762664,39.7271080742338,24.4147175055408,53.982492780513,100,56.3448524440221,44.7803451025604,57.8662763943447,39.0502981570181,46.1760911242842,44.7736305193339,25.1264743177033,35.7678863902826,32.2761685624107,15.6884671559358,63.3379997091548,1.95288275300271,74.9499680516674,59.7656376267548,43.0137098671031,68.8264028633241,71.9593429505756,50.8542773161141,43.4174062638959,32.0376036099296,25.0004171490657,41.9879200283672,48.7861610179575,31.4683470829333,68.3489444119124,31.7355694257437,39.1119588688605,41.7460930435473,100,46.6767824106182,43.6723376869836,37.7200524131077,27.9316651397873,100,50.79763845832,39.0854254852909,44.0782097424648,100,100,83.4974351052833,17.1018706332454,41.6365716850879,31.1468803421457,17.6672113142716,80.2376476592972,44.7687988138086,37.8644059280751,75.1751494100357,39.6630486947441,86.6798298125637,39.0828005942172,14.4567481248999,74.0295671740054,53.4270435059248,92.6937459086434,17.7354284852288,16.2630913281233,98.9697081288962,78.6335884802043,72.1944987396399,81.0815998389733,40.4807341005549,43.6246745697657,48.4544544881367,22.5186741816195,85.2404796607362,29.0616035747908
"6170",53.3173491004467,30.1638628462989,49.2324945435898,32.3128272270124,37.1628907901779,100,66.7820151928594,88.776065570018,50.6237074864518,100,74.7593296555135,38.1264591872796,100,35.7465309499449,36.8164194800828,2.02124636243004,65.9001552497025,57.7636941557096,52.1141069748437,33.1265094778746,24.1419995006139,49.5988157431425,53.7127918048924,55.0405681976532,36.2513670021869,70.0407294332508,89.6146810879281,100,-10.7350871625282,38.1857610062137,31.0705668555026,47.5779586104795,100,56.5855223331444,45.1198620131259,25.540763459741,37.8267235974307,45.0114571978608,48.235197115575,23.48191331363,35.8167497544244,31.9031823361157,14.9307994073624,53.257932526277,5.22550788769409,88.1595992036209,72.7057974611829,42.959673734802,68.7795274641717,71.5719319264176,51.9126076168928,36.1850865214621,31.4554588222369,22.8923182938284,41.4790099023157,50.7078805957828,29.408936905141,58.6004741287737,31.8183766136553,38.7439519699144,43.8552733250863,100,41.0502807151897,49.7451499442329,36.6110329507769,28.6117374330907,100,50.6652124333229,40.1529994514316,44.9981066510591,99.0911918071486,100,83.6004352339876,17.7868069141552,52.4247331437367,30.5562471954761,26.3433903261255,87.024366518567,44.0573739661431,37.7850011276388,71.9791460714509,59.6576625396551,79.619206675732,32.4591040634529,13.5561744801297,74.6847160332106,49.4790548137837,92.7331196594209,21.5197260323611,13.9028740697942,96.6950224077136,80.1766568922273,62.1402744107882,86.2124482928971,39.7556023275749,43.3162944693072,52.1218179993016,26.4001584776679,86.322151030423,28.9533223461943
"6171",52.3178343333226,32.5662590733488,62.0533556391397,30.0851483493415,48.1896029822832,100,66.684114197981,89.4511569077302,48.4482507023648,100,59.3743701705603,38.9017285321905,100,36.7486244055857,57.1700504080442,1.54536058569768,64.3483843126574,44.472451552286,40.7756774238017,32.97544788332,23.5518128766207,65.0223154210783,50.1541095308211,51.8694088532884,54.8742454608862,68.9513687771217,89.5838001490652,100,-9.4051033033164,37.5217643260409,37.6909663641992,47.9660201352551,100,56.2486069996732,59.3986890659627,41.7514486978686,40.4509394450597,50.1300719080696,40.9498208688343,23.8406761124531,35.7374740082176,31.9212178084055,14.8383186104859,49.8821779069631,1.64065893892217,88.6446873318832,65.7771997725241,43.3670858107361,68.8204000737751,71.7736570392058,44.6591352310949,37.5043021451814,32.7547855097232,43.4003366120419,41.595600291281,51.2449665870263,30.6958019990647,53.4341192730148,33.0526571491614,45.1826829792827,36.4607263110623,100,41.3411530952803,64.4648447379157,37.155558299685,37.9304394044413,100,49.9215693425627,44.9094016614733,44.3219283346717,100,100,83.6456779758739,17.4867336778583,55.2833088135311,31.4239914310778,19.2738908256426,82.2495794967036,45.4903024149473,37.769451737694,71.6949159778362,50.9129899744139,94.4260647990892,34.197424653696,17.5737483449915,75.1288161173758,56.7022791452703,93.494737390458,17.4995287257668,16.3492260168733,95.1453593276985,96.2354754992234,65.2491776847992,82.9077105771304,40.1135213920516,43.0853905959981,51.5916773926386,22.5973311325327,84.6922599100637,29.3103977116974
"6172",56.2656370767463,29.9147850988141,48.1460901398214,27.3605802851118,37.2885728398371,100,66.6994796284523,89.2014295274355,47.3351429508159,100,57.6966716231838,44.2053415624592,100,37.748950242564,38.6401361508331,18.4303058715425,62.8952272776258,44.5195243934027,39.0704962950361,32.5684694586405,23.109050342763,55.9608325063782,47.4985679818049,67.2213639828975,46.989211024799,68.909508405553,89.6250022195942,100,1.2370531390748,38.2426112301305,49.6176835422176,47.6353672979031,100,56.3127975727299,45.0707941788599,59.1410547509483,38.1389289166619,53.6103867484701,40.2515202444395,26.9216062556268,35.992233511309,41.5616069917635,18.5402339257062,53.8999134568488,1.28947591625752,88.4260242490156,58.9517922148847,43.4325007841154,68.8163526224036,71.6351858411472,47.7920825814138,36.4826862766455,33.2213555304665,47.357711298625,44.1344104549176,54.2400203476503,30.8735470301127,58.7496719759899,33.3886343113731,39.533293729341,40.6280481966207,100,41.0120118188786,44.0741978756088,36.9491379400361,28.4673421182154,100,51.1092253243959,44.2231671371696,44.5024392296609,93.7973641556404,100,83.6490471771096,17.6617305673321,41.6912942016689,33.5445883391255,16.1280147951336,80.3435281361715,45.8974278938422,37.8022431614488,67.7675332898352,69.2927939741089,96.2194451278613,31.9517999936827,13.6379083180719,73.8823823682573,58.4604989099892,93.4784080884145,17.2298669795966,16.1402756910884,98.1063112816953,94.7743365836662,60.3518982733372,81.3335948265191,46.7589310031393,43.8284185259144,40.6907193120726,22.5802667088888,82.8180646593929,30.6439390260016
"6173",52.8509918886308,29.6717884045644,49.9433306875524,28.4735200385842,36.6314877446402,100,67.3335546449009,88.4206713728017,51.30912314054,100,61.2069496440972,57.8402066682822,100,36.3584232827661,38.0536902872296,2.71737872250904,63.8349430744392,45.6892844668828,39.6250164949789,33.8436052318185,22.795680770441,56.5116615709332,42.9313434294037,64.8110302897176,54.5565102488447,68.3312503532828,89.6177589603705,100,-8.24064063446772,36.1241719125775,24.5965602372561,45.5747489651505,100,57.5425195858031,44.5664607052397,52.1829091611531,38.4319340634597,44.2819530758644,40.3688443160463,24.2138361234076,35.7555678120041,32.5189016973957,27.6312719119183,55.0122357241969,2.48130996081315,74.5319264305297,88.2619146841039,45.0277694284708,68.9762133635466,72.4709960372964,42.5576295518156,42.1683467321485,43.9309619273863,37.7703708050868,43.3402596635757,50.7279148861948,34.2705361687019,52.8451421333398,31.3220773569925,39.8068913899894,37.2826230745128,100,41.065909748178,43.754726115255,49.4512550311767,27.6465508357031,100,51.0483794204534,41.4986061406216,49.8252043858816,100,100,83.6679473914084,18.8845837105595,41.6614098570645,29.0188898500302,17.1737777649077,87.171423953154,43.449501561316,37.8123948847876,61.9815277800976,31.1570355927654,100,34.3757356210999,13.5646955766001,74.2223884339018,48.6037963382076,92.6131462752961,18.0518383281103,16.420205105465,94.855903382789,90.2734067660191,66.2276612924264,87.0995258555894,40.2197494177179,43.0447842249193,40.2219674434027,22.5479810085816,84.1310027223585,29.6603042122969
"6174",52.1882156855735,29.4391895718111,47.8881489485756,26.9009676241637,37.2786264468104,100,66.7666726311424,88.0690615097533,50.8785559114537,100,57.7662087871984,59.2182173656286,100,43.8542750443047,36.8682267419268,1.61697399248458,65.094420793671,45.2907290067612,44.2594134263655,33.0317211524841,22.5704619539721,50.4812494720527,41.1806781980047,52.1982647830402,55.6427132707153,65.1802570031101,89.5987990666728,100,-7.20693458660036,36.7594787880141,26.6148611802365,45.5608966346189,100,56.6421075286507,46.9347585885788,48.2896659465133,37.8213137798927,44.6398768332565,40.6335160515226,23.7127981642171,41.6096738995954,32.22249836404,28.6919997541669,54.5234395726332,9.82753390179871,74.657654114808,66.6536470618646,43.6276402217168,68.7856875643307,71.7532299539407,42.8278305649697,36.0626179294571,31.2866421192214,22.2623432916672,41.2942817338231,51.0680146597051,28.5145130938657,63.7709966458835,32.7102948528175,39.6908953426803,31.7686990401192,100,41.3292385067308,44.5373716882442,36.265443673741,26.8500379455046,100,51.3856520124801,56.1710016618198,48.2170138836446,88.7154759228462,100,83.5561513167874,19.0494828085071,42.9731934817356,31.1714464645806,41.0715875439767,87.6424772981431,53.4268854416318,37.8074178901227,58.7271364766496,21.8811343284679,97.1538171094444,32.6939384517195,13.5337905479585,74.1723146066249,62.694106614589,93.5047872267901,18.2095853059661,16.2680229211416,95.6639199592121,87.1098122495545,75.0965162800164,81.1212879729614,39.9181043703877,43.9659422364882,42.0313676597929,22.4981542876868,86.6513548234894,29.5778560178491
"6175",61.0430017304424,33.0459320188838,48.1177311714283,26.2007409360904,37.027013114659,100,66.6009010690282,88.29903889842,45.5280413229573,100,60.772289694015,42.8134874232605,100,35.6963386624593,37.064693077568,4.91149307675396,62.6787953200845,44.6490845214812,41.6257351296141,60.824699438039,22.5867559757154,53.9559126113848,45.4069906501363,53.5466304762323,56.3520551009801,68.1115388430973,89.5673968054413,100,-6.51404318406178,36.2000984288871,25.9898400004267,46.5921162689376,100,64.6452350355043,45.873819070646,60.0219789086969,38.0128820126358,44.5849371487192,42.3478891431891,23.550208348904,35.8123575042203,32.3901701216493,13.686380074531,54.9824080429706,0.251924985885935,72.2590523980137,63.3746539407764,43.0919555787301,68.7364896287795,66.6950748655958,42.4235969288335,47.119601377261,30.8901998349773,22.1131221073687,41.9298438219869,51.3361480427272,31.1424257423253,57.2969826665714,31.9501723939262,40.0638514547881,32.7037394265235,100,41.4849746463902,58.6856473293587,36.3996435411159,28.9246163332874,100,48.9920588290325,38.7674806078661,55.1338611421907,100,100,83.6041428742919,25.7293903019546,41.5505545951635,29.5492391620841,14.9233813928663,84.2445962963145,44.053045030257,37.7210143767713,56.4339712080133,26.5593671836586,96.845215897673,43.078955775893,13.9966283561828,73.8283972911411,51.334225016527,92.7474110701691,26.9518586497878,16.2978218891415,95.1581625577643,56.8718137189464,75.2640604122154,87.1261638382846,40.6450538902811,42.8953678388428,40.7099959110373,22.6249051877086,83.9844618583781,30.1899237509326
"6176",57.602750552035,29.1543933579301,50.2841706036711,26.284782905787,37.0412742457395,100,66.5776587909072,88.6619816152924,48.6890530839741,100,61.830513305246,39.667642272502,100,34.344832708278,38.0062849223894,2.34564097765461,60.0658065418305,45.5377491263511,39.072883374333,58.298481728322,22.0682763845804,43.113680902796,43.4967483987993,52.9617577020014,54.347589035796,68.8550999078844,89.6167578164207,100,-9.79861261126489,38.8943145380986,24.9535420921384,51.3341717820139,100,56.3832336607812,45.7786885029066,48.5003742087816,38.9180197956215,48.9914646562298,48.4204313116751,23.8227439016716,39.0626757966408,37.2275333608958,16.0028145688833,57.605038168375,1.60044655483706,75.5268993136027,72.338788020204,43.4507037377201,68.8186815080975,71.7968107541559,42.9616231046973,36.2131076232493,35.5447258630413,22.0144547319475,41.4274593128539,49.8529815041575,27.9680831130086,37.4282455679877,31.8680338035179,38.5846257767949,28.8839779589216,100,42.0054882684112,63.2001875599222,40.5319867042753,27.6497118585199,100,50.9891530670686,41.101515469994,61.3618375322739,94.4351552124592,100,83.6980351314044,26.9852361733108,41.4895375116925,29.7791844465508,16.0875090525911,87.392764292266,42.7331090650859,37.8429529165342,55.2631007966006,22.8876845176239,89.0178764447095,27.2101839080107,14.0416388014771,74.1097234881715,50.33466623488,92.5513281662609,26.3166443097465,16.2606443454083,98.17585701159,72.4402311656485,60.5854548669724,87.1078522039325,40.2487524646752,52.9076770097252,40.745882956973,22.5386731438238,82.6708656490906,30.6667707160344
"6177",63.7513644878978,29.221281989451,48.330809821888,26.6514521462858,40.470857694228,100,66.7831278654891,90.0766858353626,47.3999573403854,100,66.0457073279889,39.683413955984,100,35.1098301317164,37.1931402944921,7.57116306041952,60.0297488556001,45.3371244520817,39.8041251699384,78.3516654897195,24.2086720129298,46.8089264441818,42.2668082556199,53.3945600360339,48.5425685703544,68.4596208806869,89.603104384544,100,-13.2972976960374,36.9600804669135,24.9556591623006,46.8690870705012,100,56.7659859747025,44.8779393649776,54.4428125483864,38.2495772510407,46.0163035176851,42.0842303711506,23.4808439878908,35.7084532423683,29.9731950841079,13.8151310449347,54.7553186560052,2.47946759291764,76.1626000718581,80.2883222600094,43.1856432660147,68.7230628162455,71.8037872243534,40.2545078525401,36.8036497291823,33.2425309157721,22.9898536319193,41.9822080229659,50.7267127573055,29.6958156370899,43.8997672758945,32.4623031667338,40.093341575148,26.0289904056702,100,45.7768553933789,64.4581875835639,41.6419700040871,28.4023881125283,100,50.8801692840499,41.4189439736596,57.1031831069366,100,100,81.7312372649607,20.3624236534616,41.2706999643112,30.0979593427249,17.5376883185054,86.7144158149758,44.4278970015448,37.7744531323065,55.3001969070472,32.8380645206679,90.6174696463959,39.8086928622777,13.0670443297086,74.6875100541977,48.9001471201132,92.7655543496235,18.902765532397,16.4370925393821,96.4883198792484,55.9300136736326,70.3302198223901,77.5913696912585,39.6273922048879,45.2258768319654,42.4625041265563,22.5651769352486,85.7834823034252,29.8076163897719
